-4.287218386374114 102.02203501062873
-3.873625324086266 102.02203501062873
-3.460032261798414 102.02203501062873
-3.046439199510562 102.02203501062873
-2.632846137222714 101.94179875308518
-2.219253074934862 102.02203501062873
-1.8056600126470101 102.02203501062873
-1.3920669503591583 102.02203501062873
-0.9784738880713064 102.02203501062873
-0.5648808257834617 102.02203501062873
-0.1512877634956098 102.02203501062873
0.26230529879224207 102.02203501062873
0.6758983610800939 102.02203501062873
1.0894914233679458 102.02203501062873
1.5030844856557977 102.02203501062873
1.9166775479436424 102.02203501062873
2.3302706102314943 102.02203501062873
2.743863672519346 103.2943528088193
3.157456734807198 105.0710127972836
3.57104979709505 105.5524303425449
3.9846428593829017 105.71290285763199
4.3982359216707465 106.11408414534974
4.811828983958598 106.27455666043683
5.22542204624645 106.67573794815458
5.639015108534302 106.75597420569814
6.052608170822154 107.07691923587232
6.466201233110006 107.23739175095943
6.879794295397858 107.63857303867718
7.2933873576857025 107.79904555376427
7.706980419973554 108.11999058393847
8.120573482261406 108.20022684148202
8.534166544549258 108.68164438674332
8.94775960683711 108.76188064428686
9.361352669124962 109.00258941691752
9.774945731412807 109.08282567446106
10.188538793700658 109.16306193200461
10.60213185598851 109.24329818954816
11.015724918276362 109.40377070463526
11.429317980564214 109.40377070463526
11.842911042852066 109.40377070463526
12.25650410513991 109.56424321972236
12.670097167427762 109.72471573480945
13.083690229715614 109.72471573480945
13.497283292003466 109.88518824989656
13.910876354291318 109.9654245074401
14.32446941657917 110.04566076498365
14.738062478867022 110.1258970225272
15.151655541154867 110.36660579515785
15.565248603442718 110.4468420527014
15.97884166573057 110.68755082533204
16.392434728018422 110.7677870828756
16.806027790306274 111.00849585550624
17.219620852594126 111.08873211304979
17.63321391488197 111.32944088568044
18.046806977169823 111.48991340076753
18.460400039457674 111.65038591585464
18.873993101745526 111.81085843094174
19.287586164033378 112.21203971865948
19.70117922632123 112.45274849129012
20.114772288609082 113.17487480918207
20.528365350896927 113.33534732426916
20.94195841318478 114.2179461572482
21.35555147547263 114.37841867233531
21.769144537760482 115.18078124777081
22.182737600048334 115.3412537628579
22.596330662336186 116.1436163382934
23.00992372462403 116.30408885338049
23.423516786911883 117.18668768635953
23.837109849199734 117.26692394390308
24.250702911487586 117.98905026179503
24.664295973775438 118.22975903442568
25.07788903606329 118.71117657968698
25.491482098351142 118.87164909477407
25.905075160638987 119.43330289757893
26.31866822292684 119.51353915512246
26.73226128521469 120.07519295792731
27.145854347502542 120.15542921547086
27.559447409790394 120.7170830182757
27.973040472078246 120.79731927581926
28.38663353436609 121.43920933616765
28.800226596653943 121.5194455937112
29.213819658941794 121.92062688142894
29.627412721229646 122.08109939651604
30.04100578351749 122.24157191160315
30.45459884580535 122.48228068423379
30.868191908093195 122.64275319932088
31.281784970381054 122.72298945686444
31.6953780326689 122.9636982294951
32.10897109495676 123.12417074458219
32.5225641572446 123.28464325966928
32.93615721953245 123.44511577475637
33.349750281820306 123.60558828984348
33.76334334410815 123.76606080493058
34.17693640639601 123.92653332001768
34.590529468683854 124.08700583510478
35.0041225309717 124.24747835019187
35.41771559325956 124.40795086527896
35.8313086555474 124.64865963790962
36.24490171783526 124.72889589545318
36.65849478012311 124.88936841054027
37.072087842410966 125.04984092562736
37.48568090469881 125.37078595580157
37.899273966986655 125.45102221334511
38.312867029274514 125.69173098597577
38.72646009156236 125.77196724351931
39.14005315385022 126.01267601614995
39.55364621613806 126.09291227369351
39.96723927842592 126.49409356141126
40.380832340713766 126.5743298189548
40.79442540300161 126.97551110667254
41.20801846528947 127.13598362175965
41.621611527577315 127.45692865193385
42.035204589865174 127.61740116702094
42.44879765215302 127.93834619719513
42.86239071444086 128.09881871228225
43.27598377672872 128.41976374245644
43.68957683901657 128.58023625754353
44.103169901304426 128.90118128771775
44.51676296359227 128.98141754526128
44.93035602588013 129.3023625754355
45.343949088167975 129.3023625754355
45.75754215045582 129.62330760560968
46.17113521274368 129.62330760560968
46.58472827503152 129.94425263578387
46.99832133731938 130.02448889332743
47.41191439960723 130.26519766595806
47.825507461895086 130.34543392350162
48.23910052418293 130.58614269613227
48.652693586470775 130.6663789536758
49.066286648758634 130.90708772630646
49.47987971104648 130.90708772630646
49.89347277333434 131.06756024139355
50.30706583562218 131.22803275648067
50.72065889791003 131.22803275648067
51.134251960197886 131.22803275648067
51.54784502248573 131.38850527156777
51.96143808477359 131.54897778665486
52.375031147061435 131.54897778665486
52.788624209349294 131.54897778665486
53.20221727163714 131.7896865592855
53.61581033392498 131.86992281682905
54.02940339621284 131.86992281682905
54.44299645850069 131.86992281682905
54.856589520788546 131.86992281682905
55.27018258307639 131.86992281682905
55.68377564536425 131.86992281682905
56.097368707652095 131.86992281682905
56.51096176993994 131.86992281682905
56.9245548322278 131.86992281682905
57.33814789451564 131.86992281682905
57.7517409568035 131.86992281682905
58.16533401909135 131.86992281682905
58.57892708137919 131.86992281682905
58.99252014366705 131.86992281682905
59.406113205954895 132.03039533191617
59.819706268242754 132.19086784700326
60.2332993305306 132.2711041045468
60.64689239281846 132.51181287717745
61.0604854551063 132.67228539226454
61.47407851739415 132.83275790735166
61.88767157968201 132.9129941648952
62.30126464196985 133.15370293752585
62.71485770425771 133.2339391950694
63.128450766545555 133.47464796770004
63.542043828833414 133.5548842252436
63.95563689112126 133.79559299787422
64.3692299534091 133.95606551296135
64.78282301569696 134.11653802804844
65.19641607798481 134.11653802804844
65.61000914027267 134.11653802804844
66.02360220256051 134.27701054313553
66.43719526484837 134.43748305822263
66.85078832713621 134.43748305822263
67.26438138942406 134.5177193157662
67.67797445171192 134.67819183085328
68.09156751399976 134.75842808839684
68.50516057628762 134.75842808839684
68.91875363857547 134.75842808839684
69.33234670086331 134.91890060348393
69.74593976315117 135.07937311857103
70.15953282543902 135.07937311857103
70.57312588772687 135.07937311857103
70.98671895001472 135.07937311857103
71.40031201230258 135.07937311857103
71.81390507459042 135.07937311857103
72.22749813687827 135.07937311857103
72.64109119916613 135.07937311857103
73.05468426145397 135.07937311857103
73.46827732374183 135.07937311857103
73.88187038602968 135.07937311857103
74.29546344831753 135.07937311857103
74.70905651060538 135.07937311857103
75.12264957289322 135.07937311857103
75.53624263518108 135.07937311857103
75.94983569746893 135.07937311857103
76.36342875975679 135.07937311857103
76.77702182204463 135.07937311857103
77.19061488433248 135.07937311857103
77.60420794662033 135.07937311857103
78.01780100890818 135.07937311857103
78.43139407119604 135.07937311857103
78.84498713348388 135.07937311857103
79.25858019577174 134.91890060348393
79.67217325805959 134.75842808839684
80.08576632034743 134.75842808839684
80.49935938263529 134.75842808839684
80.91295244492314 134.59795557330972
81.326545507211 134.43748305822263
81.74013856949884 134.43748305822263
82.1537316317867 134.43748305822263
82.56732469407454 134.27701054313553
82.98091775636239 134.11653802804844
83.39451081865025 134.11653802804844
83.80810388093809 134.11653802804844
84.22169694322595 133.95606551296135
84.6352900055138 133.95606551296135
85.04888306780165 133.95606551296135
85.4624761300895 133.95606551296135
85.87606919237734 133.87582925541778
86.2896622546652 133.87582925541778
86.70325531695305 133.95606551296135
87.1168483792409 133.95606551296135
87.53044144152875 133.87582925541778
87.9440345038166 133.87582925541778
88.35762756610445 133.95606551296135
88.7712206283923 133.95606551296135
89.18481369068016 134.03630177050488
89.598406752968 134.11653802804844
90.01199981525586 134.19677428559197
90.4255928775437 134.43748305822263
90.83918593983155 134.5177193157662
91.25277900211941 134.75842808839684
91.66637206440726 134.83866434594037
92.07996512669511 135.07937311857103
92.49355818898296 135.1596093761146
92.90715125127082 135.4003181487452
93.32074431355866 135.48055440628877
93.73433737584651 135.72126317891943
94.14793043813435 135.88173569400652
94.56152350042223 136.04220820909362
94.97511656271007 136.04220820909362
95.38870962499792 136.2026807241807
95.80230268728576 136.36315323926783
96.2158957495736 136.36315323926783
96.62948881186148 136.36315323926783
97.04308187414932 136.52362575435492
97.45667493643717 136.68409826944202
97.87026799872501 136.68409826944202
98.28386106101289 136.68409826944202
98.69745412330073 136.68409826944202
99.11104718558857 136.92480704207264
99.52464024787642 136.8445707845291
99.93823331016426 136.68409826944202
100.35182637245214 136.68409826944202
100.76541943473998 136.68409826944202
101.17901249702783 136.60386201189846
101.59260555931567 136.36315323926783
102.00619862160352 136.36315323926783
102.41979168389139 136.36315323926783
102.83338474617923 136.2026807241807
103.24697780846708 136.04220820909362
103.66057087075492 136.04220820909362
104.07416393304277 136.04220820909362
104.48775699533064 136.04220820909362
104.90135005761849 136.04220820909362
105.31494311990633 136.12244446663718
105.72853618219418 136.36315323926783
106.14212924448205 136.36315323926783
106.5557223067699 136.36315323926783
106.96931536905774 136.52362575435492
107.38290843134558 136.60386201189846
107.79650149363343 136.68409826944202
108.2100945559213 136.68409826944202
108.62368761820915 136.76433452698558
109.03728068049699 136.92480704207264
109.45087374278484 137.0050432996162
109.86446680507268 137.0050432996162
110.27805986736055 137.1655158147033
110.6916529296484 137.24575207224686
111.10524599193624 137.3259883297904
111.51883905422409 137.3259883297904
111.93243211651193 137.4864608448775
112.3460251787998 137.6469333599646
112.75961824108765 137.6469333599646
113.1732113033755 137.6469333599646
113.58680436566334 137.8074058750517
114.00039742795121 137.9678783901388
114.41399049023906 137.9678783901388
114.8275835525269 137.9678783901388
115.24117661481475 137.9678783901388
115.65476967710259 137.9678783901388
116.06836273939047 137.9678783901388
116.48195580167831 137.9678783901388
116.89554886396616 137.9678783901388
117.309141926254 137.9678783901388
117.72273498854184 137.9678783901388
118.13632805082972 137.9678783901388
118.54992111311756 137.9678783901388
118.96351417540541 137.9678783901388
119.37710723769325 137.9678783901388
119.7907002999811 137.9678783901388
120.20429336226897 137.9678783901388
120.61788642455681 137.9678783901388
121.03147948684466 137.9678783901388
121.4450725491325 137.9678783901388
121.85866561142038 137.9678783901388
122.27225867370822 137.9678783901388
122.68585173599607 137.9678783901388
123.09944479828391 137.9678783901388
123.51303786057176 137.9678783901388
123.92663092285963 137.9678783901388
124.34022398514747 137.9678783901388
124.75381704743532 137.9678783901388
125.16741010972316 137.9678783901388
125.58100317201101 137.9678783901388
125.99459623429888 137.9678783901388
126.40818929658673 137.9678783901388
126.82178235887457 137.9678783901388
127.23537542116242 137.9678783901388
127.64896848345026 137.9678783901388
128.06256154573813 137.9678783901388
128.47615460802598 137.9678783901388
128.88974767031382 137.9678783901388
129.30334073260167 137.9678783901388
129.71693379488954 137.9678783901388
130.1305268571774 137.9678783901388
130.54411991946523 137.9678783901388
130.95771298175308 137.9678783901388
131.37130604404092 137.9678783901388
131.7848991063288 137.9678783901388
132.19849216861664 137.9678783901388
132.61208523090448 137.9678783901388
133.02567829319233 137.9678783901388
133.43927135548017 137.9678783901388
133.85286441776805 137.9678783901388
134.2664574800559 137.9678783901388
134.68005054234374 137.88764213259526
135.09364360463158 137.6469333599646
135.50723666691943 137.6469333599646
135.9208297292073 137.6469333599646
136.33442279149514 137.4864608448775
136.748015853783 137.3259883297904
137.16160891607083 137.3259883297904
137.5752019783587 137.3259883297904
137.98879504064655 137.1655158147033
138.4023881029344 137.0050432996162
138.81598116522224 137.0050432996162
139.22957422751008 137.0050432996162
139.64316728979796 136.8445707845291
140.0567603520858 136.68409826944202
140.47035341437365 136.68409826944202
140.8839464766615 136.68409826944202
141.29753953894934 136.52362575435492
141.7111326012372 136.36315323926783
142.12472566352506 136.36315323926783
142.5383187258129 136.36315323926783
142.95191178810074 136.2026807241807
143.3655048503886 136.04220820909362
143.77909791267646 136.04220820909362
144.1926909749643 136.04220820909362
144.60628403725215 136.04220820909362
145.01987709954 136.28291698172427
145.43347016182787 136.36315323926783
145.84706322411571 136.60386201189846
146.26065628640356 136.76433452698558
146.6742493486914 136.92480704207264
147.08784241097925 137.0050432996162
147.50143547326712 137.24575207224686
147.91502853555497 137.40622458733395
148.3286215978428 137.56669710242105
148.74221466013066 137.6469333599646
149.1558077224185 137.88764213259526
149.56940078470637 137.9678783901388
149.98299384699422 137.9678783901388
150.39658690928206 137.9678783901388
150.8101799715699 137.9678783901388
151.22377303385775 137.9678783901388
151.63736609614563 137.9678783901388
152.05095915843347 137.9678783901388
152.46455222072132 137.9678783901388
152.87814528300916 137.9678783901388
153.29173834529703 137.9678783901388
153.70533140758488 137.9678783901388
154.11892446987272 137.9678783901388
154.53251753216057 137.9678783901388
154.9461105944484 137.9678783901388
155.3597036567363 137.9678783901388
155.77329671902413 137.9678783901388
156.18688978131198 137.9678783901388
156.60048284359982 137.9678783901388
157.01407590588767 137.9678783901388
157.42766896817554 137.9678783901388
157.84126203046338 137.9678783901388
158.25485509275123 137.9678783901388
158.66844815503907 137.9678783901388
159.08204121732695 137.9678783901388
159.4956342796148 137.9678783901388
159.90922734190264 138.04811464768235
160.32282040419048 138.20858716276945
160.73641346647833 138.288823420313
161.1500065287662 138.288823420313
161.56359959105404 138.36905967785654
161.9771926533419 138.52953219294363
162.39078571562973 138.6097684504872
162.80437877791758 138.6097684504872
163.21797184020545 138.69000470803076
163.6315649024933 138.7702409655743
164.04515796478114 138.93071348066138
164.45875102706898 139.01094973820494
164.87234408935683 139.17142225329204
165.2859371516447 139.33189476837913
165.69953021393255 139.49236728346625
166.1131232762204 139.65283979855334
166.52671633850824 139.893548571184
166.9403094007961 139.97378482872753
167.35390246308395 140.13425734381462
167.7674955253718 140.29472985890175
168.18108858765964 140.4552023739888
168.5946816499475 140.61567488907593
169.00827471223536 140.77614740416303
169.4218677745232 140.85638366170656
169.83546083681105 140.85638366170656
170.2490538990989 140.85638366170656
170.66264696138674 140.85638366170656
171.07624002367461 140.85638366170656
171.48983308596246 140.85638366170656
171.9034261482503 140.85638366170656
172.31701921053815 140.85638366170656
172.730612272826 140.85638366170656
173.14420533511387 140.85638366170656
173.5577983974017 140.85638366170656
173.97139145968956 140.85638366170656
174.3849845219774 140.85638366170656
174.79857758426527 141.0970924343372
175.21217064655312 141.17732869188077
175.62576370884096 141.17732869188077
176.0393567711288 141.2575649494243
176.45294983341665 141.41803746451143
176.86654289570453 141.49827372205496
177.28013595799237 141.49827372205496
177.69372902028022 141.57850997959852
178.10732208256806 141.73898249468562
178.5209151448559 141.81921875222918
178.93450820714378 141.81921875222918
179.34810126943162 141.8994550097727
179.76169433171947 142.0599275248598
180.1752873940073 142.14016378240336
180.58888045629516 142.14016378240336
181.00247351858303 142.22040003994692
181.41606658087088 142.38087255503402
181.82965964315872 142.46110881257755
182.24325270544657 142.46110881257755
182.65684576773444 142.62158132766467
183.07043883002228 142.78205384275176
183.48403189231013 142.78205384275176
183.89762495459797 142.78205384275176
184.31121801688582 142.94252635783886
184.7248110791737 143.10299887292595
185.13840414146154 143.10299887292595
185.55199720374938 143.10299887292595
185.96559026603722 143.26347138801304
186.37918332832507 143.42394390310017
186.79277639061294 143.42394390310017
187.2063694529008 143.42394390310017
187.61996251518863 143.58441641818726
188.03355557747648 143.74488893327435
188.44714863976432 143.74488893327435
188.8607417020522 143.74488893327435
189.27433476434004 143.90536144836145
189.68792782662788 144.06583396344854
190.10152088891573 144.06583396344854
190.5151139512036 144.06583396344854
190.92870701349145 144.06583396344854
191.3423000757793 144.06583396344854
191.75589313806714 144.06583396344854
192.16948620035498 144.06583396344854
192.58307926264285 144.06583396344854
192.9966723249307 144.06583396344854
193.41026538721854 144.06583396344854
193.8238584495064 144.06583396344854
194.23745151179423 144.06583396344854
194.6510445740821 144.06583396344854
195.06463763636995 144.06583396344854
195.4782306986578 144.06583396344854
195.89182376094564 144.06583396344854
196.3054168232335 144.06583396344854
196.71900988552136 144.06583396344854
197.1326029478092 144.06583396344854
197.54619601009705 144.06583396344854
197.9597890723849 144.06583396344854
198.37338213467277 144.06583396344854
198.7869751969606 144.06583396344854
199.20056825924846 144.06583396344854
199.6141613215363 144.06583396344854
200.02775438382415 144.06583396344854
200.44134744611202 144.06583396344854
200.85494050839986 144.06583396344854
201.2685335706877 144.06583396344854
201.68212663297555 144.06583396344854
202.0957196952634 144.06583396344854
202.50931275755127 144.06583396344854
202.92290581983912 144.06583396344854
203.33649888212696 144.06583396344854
203.7500919444148 143.98559770590498
204.16368500670268 143.82512519081791
204.57727806899052 143.74488893327435
204.99087113127837 143.6646526757308
205.4044641935662 143.42394390310017
205.81805725585406 143.3437076455566
206.23165031814193 143.10299887292595
206.64524338042978 143.02276261538242
207.05883644271762 142.78205384275176
207.47242950500546 142.7018175852082
207.8860225672933 142.46110881257755
208.29961562958118 142.38087255503402
208.71320869186903 142.14016378240336
209.12680175415687 142.0599275248598
209.54039481644472 142.0599275248598
209.95398787873256 142.14016378240336
210.36758094102044 142.14016378240336
210.78117400330828 142.14016378240336
211.19476706559612 142.38087255503402
211.60836012788397 142.46110881257755
212.02195319017184 142.46110881257755
212.4355462524597 142.46110881257755
212.84913931474753 142.7018175852082
213.26273237703538 142.78205384275176
213.67632543932322 142.78205384275176
214.0899185016111 142.8622901002953
214.50351156389894 143.02276261538242
214.91710462618678 143.10299887292595
215.33069768847463 143.10299887292595
215.74429075076247 143.1832351304695
216.15788381305035 143.3437076455566
216.5714768753382 143.42394390310017
216.98506993762604 143.42394390310017
217.39866299991388 143.5041801606437
217.81225606220173 143.6646526757308
218.2258491244896 143.74488893327435
218.63944218677744 143.74488893327435
219.0530352490653 143.74488893327435
219.46662831135313 143.6646526757308
219.880221373641 143.58441641818726
220.29381443592885 143.1832351304695
220.7074074982167 143.02276261538242
221.12100056050454 142.7018175852082
221.53459362279239 142.62158132766467
221.94818668508026 142.22040003994692
222.36177974736808 142.0599275248598
222.77537280965595 141.73898249468562
223.18896587194382 141.57850997959852
223.60255893423164 141.2575649494243
224.0161519965195 141.0970924343372
224.42974505880733 140.77614740416303
224.8433381210952 140.77614740416303
225.25693118338307 140.53543863153237
225.6705242456709 140.37496611644528
226.08411730795876 140.13425734381462
226.49771037024658 140.0540210862711
226.91130343253445 139.893548571184
227.32489649482233 139.65283979855334
227.73848955711014 139.49236728346625
228.15208261939802 139.33189476837913
228.56567568168583 139.2516585108356
228.9792687439737 139.0911859957485
229.39286180626158 138.93071348066138
229.8064548685494 138.93071348066138
230.22004793083727 138.93071348066138
230.63364099312514 138.93071348066138
231.04723405541296 138.93071348066138
231.46082711770083 138.93071348066138
231.87442017998865 138.93071348066138
232.28801324227652 138.93071348066138
232.7016063045644 138.93071348066138
233.1151993668522 138.93071348066138
233.52879242914008 138.93071348066138
233.9423854914279 138.93071348066138
234.35597855371577 138.93071348066138
234.76957161600365 138.93071348066138
235.18316467829146 138.93071348066138
235.59675774057933 138.93071348066138
236.01035080286715 138.93071348066138
236.42394386515502 138.93071348066138
236.8375369274429 138.93071348066138
237.2511299897307 138.93071348066138
237.6647230520186 138.93071348066138
238.0783161143064 138.93071348066138
238.49190917659428 138.93071348066138
238.90550223888215 138.93071348066138
239.31909530116997 138.93071348066138
239.73268836345784 138.93071348066138
240.14628142574566 138.93071348066138
240.55987448803353 138.93071348066138
240.9734675503214 138.93071348066138
241.38706061260922 138.93071348066138
241.8006536748971 138.93071348066138
242.2142467371849 138.93071348066138
242.62783979947278 138.93071348066138
243.04143286176065 138.93071348066138
243.45502592404847 138.93071348066138
243.86861898633634 138.93071348066138
244.28221204862416 138.93071348066138
244.69580511091203 138.93071348066138
245.1093981731999 138.93071348066138
245.52299123548772 138.93071348066138
245.9365842977756 138.93071348066138
246.35017736006347 138.93071348066138
246.76377042235129 138.93071348066138
247.17736348463916 138.93071348066138
247.59095654692698 138.93071348066138
248.00454960921485 138.93071348066138
248.41814267150272 138.93071348066138
248.83173573379054 138.93071348066138
249.2453287960784 138.93071348066138
249.65892185836623 138.93071348066138
250.0725149206541 138.7702409655743
250.48610798294197 138.6097684504872
250.8997010452298 138.6097684504872
251.31329410751766 138.6097684504872
251.72688716980548 138.36905967785654
252.14048023209335 138.288823420313
252.55407329438123 138.288823420313
252.96766635666904 138.288823420313
253.38125941895692 138.04811464768235
253.79485248124473 137.9678783901388
254.2084455435326 137.9678783901388
254.62203860582048 137.9678783901388
255.0356316681083 138.04811464768235
255.44922473039617 138.20858716276945
255.86281779268398 138.288823420313
256.27641085497186 138.288823420313
256.69000391725973 138.36905967785654
257.10359697954755 138.52953219294363
257.5171900418354 138.6097684504872
257.93078310412324 138.6097684504872
258.3443761664111 138.7702409655743
258.757969228699 138.93071348066138
259.1715622909868 139.0911859957485
259.5851553532747 139.17142225329204
259.9987484155625 139.81331231364044
260.41234147785036 139.97378482872753
260.82593454013823 140.61567488907593
261.23952760242605 140.77614740416303
261.6531206647139 141.41803746451143
262.0667137270018 141.57850997959852
262.4803067892896 142.22040003994692
262.8938998515775 142.38087255503402
263.3074929138653 143.1832351304695
263.7210859761532 143.26347138801304
264.13467903844105 143.82512519081791
264.54827210072887 144.06583396344854
264.96186516301674 144.38677899362273
265.37545822530456 144.54725150870985
265.78905128759243 144.9484327964276
266.2026443498803 145.1089053115147
266.6162374121681 145.42985034168888
267.029830474456 145.51008659923244
267.4434235367438 145.91126788695018
267.8570165990317 145.99150414449372
268.27060966131955 146.39268543221147
268.68420272360737 146.47292168975503
269.09779578589524 146.7938667199292
269.51138884818306 146.87410297747277
269.92498191047093 146.95433923501633
270.3385749727588 146.95433923501633
270.7521680350466 146.95433923501633
271.1657610973345 146.95433923501633
271.5793541596223 146.95433923501633
271.9929472219102 146.95433923501633
272.40654028419806 146.95433923501633
272.8201333464859 146.95433923501633
273.23372640877375 146.95433923501633
273.64731947106156 146.95433923501633
274.06091253334944 146.95433923501633
274.4745055956373 146.95433923501633
274.8880986579251 146.95433923501633
275.301691720213 147.11481175010343
275.7152847825008 147.27528426519052
276.1288778447887 147.27528426519052
276.54247090707656 147.35552052273408
276.9560639693644 147.51599303782118
277.36965703165225 147.5962292953647
277.7832500939401 147.5962292953647
278.19684315622794 147.67646555290827
278.6104362185158 147.83693806799536
279.02402928080363 147.9171743255389
279.4376223430915 147.9171743255389
279.8512154053794 147.99741058308246
280.2648084676672 148.07764684062602
280.67840152995507 148.2381193557131
281.0919945922429 148.2381193557131
281.50558765453076 148.31835561325664
281.91918071681863 148.47882812834376
282.33277377910645 148.5590643858873
282.7463668413943 148.5590643858873
283.15995990368214 148.7195369009744
283.57355296597 148.79977315851795
283.9871460282579 148.79977315851795
284.4007390905457 148.79977315851795
284.8143321528336 148.63930064343086
285.2279252151214 148.47882812834376
285.64151827740926 148.31835561325664
286.05511133969713 148.2381193557131
286.46870440198495 147.9171743255389
286.8822974642728 147.9171743255389
287.29589052656064 147.5962292953647
287.7094835888485 147.51599303782118
288.1230766511364 147.27528426519052
288.5366697134242 147.19504800764696
288.9502627757121 147.11481175010343
289.3638558379999 147.11481175010343
289.77744890028777 147.19504800764696
290.19104196257564 147.43575678027761
290.60463502486346 147.75670181045183
291.01822808715133 147.83693806799536
291.4318211494392 148.31835561325664
291.845414211727 148.3985918708002
292.2590072740149 148.79977315851795
292.6726003363027 148.96024567360504
293.0861933985906 149.28119070377926
293.49978646087845 149.3614269613228
293.91337952316627 149.76260824904054
294.32697258545414 149.8428445065841
294.74056564774196 149.8428445065841
295.15415871002983 149.8428445065841
295.5677517723177 149.8428445065841
295.9813448346055 149.8428445065841
296.3949378968934 149.8428445065841
296.8085309591812 149.8428445065841
297.2221240214691 149.8428445065841
297.63571708375696 149.8428445065841
298.0493101460448 149.8428445065841
298.46290320833265 149.8428445065841
298.87649627062046 149.8428445065841
299.29008933290834 149.8428445065841
299.7036823951962 149.8428445065841
300.117275457484 149.76260824904054
300.5308685197719 149.60213573395345
300.9444615820597 149.52189947640989
301.3580546443476 149.52189947640989
301.77164770663546 149.44166321886635
302.1852407689233 149.28119070377926
302.59883383121115 149.2009544462357
303.01242689349897 149.2009544462357
303.42601995578684 149.12071818869214
303.8396130180747 148.96024567360504
304.25320608036253 148.96024567360504
304.6667991426504 148.96024567360504
305.0803922049382 149.12071818869214
305.4939852672261 149.2009544462357
305.90757832951397 149.2009544462357
306.3211713918018 149.28119070377926
306.73476445408966 149.44166321886635
307.14835751637753 149.52189947640989
307.56195057866535 149.52189947640989
307.9755436409532 149.60213573395345
308.38913670324104 149.76260824904054
308.8027297655289 149.8428445065841
309.2163228278168 149.8428445065841
309.6299158901046 149.8428445065841
310.0435089523925 149.76260824904054
310.4571020146803 149.60213573395345
310.87069507696816 149.52189947640989
311.28428813925603 149.52189947640989
311.69788120154385 149.44166321886635
312.1114742638317 149.28119070377926
312.52506732611954 149.2009544462357
312.9386603884074 149.2009544462357
313.3522534506953 149.12071818869214
313.7658465129831 149.0404819311486
314.179439575271 149.0404819311486
314.5930326375588 149.12071818869214
315.00662569984667 149.2009544462357
315.42021876213454 149.44166321886635
315.83381182442236 149.52189947640989
316.2474048867102 149.76260824904054
316.66099794899804 149.8428445065841
317.0745910112859 150.08355327921475
317.4881840735738 150.1637895367583
317.9017771358616 150.40449830938894
318.3153701981495 150.4847345669325
318.7289632604373 150.72544333956313
319.14255632272517 150.8056795971067
319.55614938501304 151.04638836973734
319.96974244730086 151.12662462728088
320.38333550958873 151.12662462728088
320.79692857187655 151.12662462728088
321.2105216341644 151.36733339991153
321.6241146964523 151.4475696574551
322.0377077587401 151.4475696574551
322.451300821028 151.4475696574551
322.86489388331586 151.68827843008572
323.2784869456037 151.76851468762928
323.69208000789155 151.76851468762928
324.10567307017936 151.76851468762928
324.51926613246724 151.84875094517284
324.9328591947551 151.84875094517284
325.3464522570429 151.84875094517284
325.7600453193308 151.84875094517284
326.1736383816186 151.84875094517284
326.5872314439065 151.84875094517284
327.00082450619436 151.84875094517284
327.4144175684822 151.84875094517284
327.82801063077005 151.84875094517284
328.24160369305787 151.84875094517284
328.65519675534574 151.84875094517284
329.0687898176336 151.76851468762928
329.48238287992143 151.76851468762928
329.8959759422093 151.76851468762928
330.3095690044971 151.76851468762928
330.723162066785 151.60804217254218
331.13675512907287 151.4475696574551
331.5503481913607 151.4475696574551
331.96394125364856 151.4475696574551
332.3775343159364 151.28709714236797
332.79112737822425 151.12662462728088
333.2047204405121 151.12662462728088
333.61831350279994 151.04638836973734
334.0319065650878 150.96615211219378
334.4454996273756 150.8056795971067
334.8590926896635 150.72544333956313
335.27268575195137 150.4847345669325
335.6862788142392 150.32426205184538
336.09987187652706 150.1637895367583
336.5134649388149 150.08355327921475
336.92705800110275 149.76260824904054
337.3406510633906 149.682371991497
337.75424412567844 149.44166321886635
338.1678371879663 149.3614269613228
338.5814302502542 149.12071818869214
338.995023312542 149.0404819311486
339.4086163748299 149.0404819311486
339.8222094371177 149.0404819311486
340.23580249940557 149.12071818869214
340.64939556169344 149.2009544462357
341.06298862398125 149.2009544462357
341.4765816862691 149.3614269613228
341.89017474855694 149.44166321886635
342.3037678108448 149.52189947640989
342.7173608731327 149.52189947640989
343.1309539354205 149.682371991497
343.5445469977084 149.8428445065841
343.9581400599962 149.8428445065841
344.37173312228407 149.8428445065841
344.78532618457194 149.8428445065841
345.19891924685976 149.8428445065841
345.61251230914763 149.8428445065841
346.02610537143545 149.8428445065841
346.4396984337233 149.8428445065841
346.8532914960112 149.8428445065841
347.266884558299 149.8428445065841
347.6804776205869 149.8428445065841
348.0940706828747 149.8428445065841
348.5076637451626 149.8428445065841
348.92125680745045 149.8428445065841
349.33484986973826 149.92308076412763
349.74844293202614 150.08355327921475
350.16203599431395 150.32426205184538
350.5756290566018 150.40449830938894
350.9892221188897 150.72544333956313
351.4028151811775 150.8056795971067
351.8164082434654 151.04638836973734
352.23000130575326 151.12662462728088
352.6435943680411 151.36733339991153
353.05718743032895 151.4475696574551
353.47078049261677 151.68827843008572
353.88437355490464 151.76851468762928
354.2979666171925 151.76851468762928
354.71155967948033 151.84875094517284
355.1251527417682 151.84875094517284
355.538745804056 151.84875094517284
355.9523388663439 151.84875094517284
356.36593192863177 151.84875094517284
356.7795249909196 151.84875094517284
357.19311805320746 151.84875094517284
357.6067111154953 151.84875094517284
358.02030417778315 151.84875094517284
358.433897240071 151.84875094517284
358.84749030235884 151.84875094517284
359.2610833646467 151.84875094517284
359.6746764269345 151.84875094517284
360.0882694892224 151.84875094517284
360.50186255151027 151.84875094517284
360.9154556137981 151.84875094517284
361.32904867608596 151.84875094517284
361.7426417383738 151.84875094517284
362.15623480066165 151.84875094517284
362.5698278629495 151.84875094517284
362.98342092523734 151.84875094517284
363.3970139875252 151.84875094517284
363.81060704981303 151.92898720271637
364.2242001121009 151.92898720271637
364.6377931743888 152.08945971780346
365.0513862366766 152.08945971780346
365.46497929896447 152.08945971780346
365.8785723612523 152.24993223289056
366.29216542354015 152.41040474797768
366.705758485828 152.41040474797768
367.11935154811584 152.41040474797768
367.5329446104037 152.57087726306477
367.9465376726916 152.73134977815187
368.3601307349794 152.73134977815187
368.7737237972673 152.73134977815187
369.1873168595551 152.89182229323896
369.60090992184297 152.97205855078252
370.01450298413084 152.97205855078252
370.42809604641866 153.05229480832605
370.84168910870653 153.05229480832605
371.25528217099435 152.97205855078252
371.6688752332822 152.97205855078252
372.0824682955701 152.97205855078252
372.4960613578579 152.97205855078252
372.9096544201458 152.97205855078252
373.3232474824336 152.97205855078252
373.7368405447215 152.97205855078252
374.15043360700935 152.89182229323896
374.56402666929716 152.73134977815187
374.97761973158504 152.73134977815187
375.39121279387285 152.73134977815187
375.8048058561607 152.57087726306477
376.2183989184486 152.41040474797768
376.6319919807364 152.41040474797768
377.0455850430243 152.41040474797768
377.4591781053121 152.24993223289056
377.8727711676 152.08945971780346
378.28636422988785 152.08945971780346
378.69995729217567 152.08945971780346
379.11355035446354 152.08945971780346
379.52714341675136 152.08945971780346
379.94073647903923 152.08945971780346
380.3543295413271 152.08945971780346
380.7679226036149 152.24993223289056
381.1815156659028 152.33016849043412
381.5951087281906 152.41040474797768
382.0087017904785 152.41040474797768
382.42229485276636 152.4906410055212
382.8358879150542 152.6511135206083
383.24948097734205 152.73134977815187
383.6630740396299 152.73134977815187
384.07666710191774 152.81158603569543
384.4902601642056 152.97205855078252
384.9038532264934 152.97205855078252
385.3174462887813 153.05229480832605
385.73103935106917 153.05229480832605
386.144632413357 152.97205855078252
386.55822547564486 153.05229480832605
386.9718185379327 153.05229480832605
387.38541160022055 153.05229480832605
387.7990046625084 152.97205855078252
388.21259772479624 152.97205855078252
388.6261907870841 153.05229480832605
389.03978384937193 153.05229480832605
389.4533769116598 153.05229480832605
389.8669699739477 153.05229480832605
390.2805630362355 153.05229480832605
390.69415609852337 153.21276732341317
391.1077491608112 153.37323983850027
391.52134222309905 153.37323983850027
391.9349352853869 153.37323983850027
392.34852834767474 153.53371235358736
392.7621214099626 153.69418486867445
393.17571447225043 153.69418486867445
393.5893075345383 153.69418486867445
394.0029005968262 153.85465738376155
394.416493659114 154.01512989884867
394.83008672140187 154.01512989884867
395.2436797836897 154.01512989884867
395.65727284597756 154.01512989884867
396.07086590826543 154.01512989884867
396.48445897055325 154.01512989884867
396.8980520328411 154.01512989884867
397.311645095129 154.01512989884867
397.7252381574168 154.01512989884867
398.1388312197047 154.01512989884867
398.5524242819925 154.01512989884867
398.9660173442804 154.01512989884867
399.37961040656825 154.01512989884867
399.79320346885606 154.01512989884867
400.20679653114394 154.01512989884867
400.62038959343175 154.17560241393576
401.0339826557196 154.33607492902286
401.4475757180075 154.33607492902286
401.8611687802953 154.33607492902286
402.2747618425832 154.49654744410995
402.688354904871 154.65701995919704
403.1019479671589 154.65701995919704
403.51554102944675 154.65701995919704
403.92913409173457 154.81749247428417
404.34272715402244 154.97796498937126
404.75632021631026 154.97796498937126
405.16991327859813 154.97796498937126
405.583506340886 154.97796498937126
405.9970994031738 154.97796498937126
406.4106924654617 154.97796498937126
406.8242855277495 154.97796498937126
407.2378785900374 154.97796498937126
407.65147165232526 154.97796498937126
408.0650647146131 154.97796498937126
408.47865777690095 154.97796498937126
408.89225083918876 154.97796498937126
409.30584390147663 154.8977287318277
409.7194369637645 154.81749247428417
410.1330300260523 154.65701995919704
410.5466230883402 154.65701995919704
410.960216150628 154.65701995919704
411.3738092129159 154.41631118656642
411.78740227520376 154.33607492902286
412.2009953374916 154.33607492902286
412.61458839977945 154.2558386714793
413.0281814620673 154.0953661563922
413.44177452435514 154.01512989884867
413.855367586643 154.01512989884867
414.26896064893083 154.01512989884867
414.6825537112187 154.01512989884867
415.0961467735066 154.01512989884867
415.5097398357944 154.01512989884867
415.92333289808226 154.01512989884867
416.3369259603701 154.01512989884867
416.75051902265795 154.01512989884867
417.1641120849458 154.01512989884867
417.57770514723364 154.01512989884867
417.9912982095215 154.01512989884867
418.40489127180933 154.01512989884867
418.8184843340972 154.01512989884867
419.2320773963851 154.01512989884867
419.6456704586729 154.01512989884867
420.05926352096077 154.01512989884867
420.4728565832486 154.01512989884867
420.88644964553646 154.01512989884867
421.30004270782433 154.01512989884867
421.71363577011215 154.01512989884867
422.1272288324 154.01512989884867
422.54082189468784 154.01512989884867
422.9544149569757 154.01512989884867
423.3680080192636 154.01512989884867
423.7816010815514 154.01512989884867
424.1951941438393 154.01512989884867
424.6087872061271 154.01512989884867
425.02238026841496 154.01512989884867
425.43597333070284 154.0953661563922
425.84956639299065 154.17560241393576
426.2631594552785 154.33607492902286
426.67675251756634 154.33607492902286
427.0903455798542 154.49654744410995
427.5039386421421 154.65701995919704
427.9175317044299 154.65701995919704
428.3311247667178 154.65701995919704
428.74471782900565 154.81749247428417
429.15831089129347 154.97796498937126
429.57190395358134 154.97796498937126
429.98549701586916 154.97796498937126
430.39909007815703 155.13843750445835
430.8126831404449 155.29891001954545
431.2262762027327 155.29891001954545
431.6398692650206 155.29891001954545
432.0534623273084 155.45938253463254
432.4670553895963 155.61985504971963
432.88064845188416 155.61985504971963
433.294241514172 155.61985504971963
433.70783457645985 155.78032756480673
434.12142763874766 155.94080007989385
434.53502070103553 155.94080007989385
434.9486137633234 155.94080007989385
435.3622068256112 155.94080007989385
435.7757998878991 155.94080007989385
436.1893929501869 155.94080007989385
436.6029860124748 155.94080007989385
437.01657907476266 155.94080007989385
437.4301721370505 155.94080007989385
437.84376519933835 155.94080007989385
438.25735826162617 155.94080007989385
438.67095132391404 155.94080007989385
439.0845443862019 155.94080007989385
439.49813744848973 155.94080007989385
439.9117305107776 155.78032756480673
440.3253235730654 155.61985504971963
440.7389166353533 155.61985504971963
441.15250969764116 155.61985504971963
441.566102759929 155.29891001954545
441.97969582221685 155.29891001954545
442.3932888845047 155.29891001954545
442.80688194679254 155.13843750445835
443.2204750090804 155.0582012469148
443.63406807136823 154.97796498937126
444.0476611336561 154.97796498937126
444.461254195944 154.97796498937126
444.8748472582318 154.97796498937126
445.28844032051967 154.97796498937126
445.7020333828075 154.97796498937126
446.11562644509536 154.97796498937126
446.52921950738323 154.97796498937126
446.94281256967105 154.97796498937126
447.3564056319589 154.97796498937126
447.76999869424674 154.97796498937126
448.1835917565346 154.97796498937126
448.5971848188225 154.97796498937126
449.0107778811103 154.97796498937126
449.4243709433982 154.81749247428417
449.837964005686 154.65701995919704
450.25155706797386 154.65701995919704
450.66515013026174 154.65701995919704
451.07874319254955 154.49654744410995
451.4923362548374 154.33607492902286
451.90592931712524 154.33607492902286
452.3195223794131 154.33607492902286
452.733115441701 154.17560241393576
453.1467085039888 154.01512989884867
453.5603015662767 154.01512989884867
453.9738946285645 154.01512989884867
454.38748769085237 154.01512989884867
454.80108075314024 154.01512989884867
455.21467381542806 154.01512989884867
455.62826687771593 154.17560241393576
456.04185994000375 154.33607492902286
456.4554530022916 154.33607492902286
456.8690460645795 154.33607492902286
457.2826391268673 154.49654744410995
457.6962321891552 154.65701995919704
458.10982525144306 154.65701995919704
458.5234183137309 154.65701995919704
458.93701137601875 154.81749247428417
459.35060443830656 154.97796498937126
459.76419750059443 154.97796498937126
460.1777905628823 155.0582012469148
460.5913836251701 155.13843750445835
461.004976687458 155.29891001954545
461.4185697497458 155.29891001954545
461.8321628120337 155.29891001954545
462.24575587432156 155.5396187921761
462.6593489366094 155.61985504971963
463.07294199889725 155.61985504971963
463.48653506118507 155.78032756480673
463.90012812347294 155.94080007989385
464.3137211857608 155.94080007989385
464.72731424804863 156.02103633743738
465.1409073103365 156.26174511006803
465.5545003726243 156.3419813676116
465.9680934349122 156.58269014024222
466.38168649720006 156.66292639778578
466.7952795594879 156.90363517041644
467.20887262177575 156.98387142795997
467.62246568406357 157.22458020059062
468.03605874635144 157.38505271567772
468.4496518086393 157.54552523076484
468.86324487092713 157.70599774585193
469.276837933215 157.86647026093902
469.6904309955028 157.86647026093902
470.1040240577907 157.86647026093902
470.51761712007857 157.86647026093902
470.9312101823664 157.86647026093902
471.34480324465426 157.86647026093902
471.7583963069421 157.86647026093902
472.17198936922995 157.86647026093902
472.5855824315178 157.86647026093902
472.99917549380564 157.86647026093902
473.4127685560935 157.86647026093902
473.8263616183814 157.86647026093902
474.2399546806692 157.86647026093902
474.6535477429571 157.86647026093902
475.0671408052449 157.86647026093902
475.48073386753276 157.86647026093902
475.89432692982064 157.86647026093902
476.30791999210845 157.86647026093902
476.7215130543963 157.86647026093902
477.13510611668414 157.86647026093902
477.548699178972 157.86647026093902
477.9622922412599 157.86647026093902
478.37588530354776 157.86647026093902
478.7894783658355 157.86647026093902
479.2030714281234 157.86647026093902
479.61666449041127 157.78623400339546
480.03025755269914 157.70599774585193
480.443850614987 157.54552523076484
480.8574436772748 157.54552523076484
481.27103673956265 157.54552523076484
481.6846298018505 157.38505271567772
482.0982228641384 157.22458020059062
482.51181592642627 157.22458020059062
482.925408988714 157.22458020059062
483.3390020510019 157.06410768550353
483.7525951132898 156.90363517041644
484.16618817557764 156.90363517041644
484.5797812378655 156.90363517041644
484.9933743001533 157.06410768550353
485.40696736244115 157.1443439430471
485.820560424729 157.22458020059062
486.2341534870169 157.22458020059062
486.64774654930477 157.38505271567772
487.06133961159253 157.54552523076484
487.4749326738804 157.54552523076484
487.8885257361683 157.54552523076484
488.30211879845615 157.70599774585193
488.715711860744 157.86647026093902
489.1293049230318 157.86647026093902
489.54289798531966 157.86647026093902
489.9564910476075 158.10717903356968
490.3700841098954 158.1874152911132
490.7836771721833 158.1874152911132
491.19727023447103 158.1874152911132
491.6108632967589 158.42812406374387
492.0244563590468 158.50836032128743
492.43804942133465 158.50836032128743
492.8516424836225 158.58859657883096
493.2652355459103 158.74906909391805
493.67882860819816 158.8293053514616
494.09242167048603 158.8293053514616
494.5060147327739 158.8293053514616
494.9196077950618 158.8293053514616
495.33320085734965 158.8293053514616
495.7467939196374 158.8293053514616
496.1603869819253 158.8293053514616
496.57398004421316 158.8293053514616
496.98757310650103 158.8293053514616
497.4011661687889 158.8293053514616
497.81475923107666 158.8293053514616
498.22835229336454 158.8293053514616
498.6419453556524 158.8293053514616
499.0555384179403 158.8293053514616
499.46913148022816 158.90954160900517
499.8827245425159 159.07001412409227
500.2963176048038 159.1502503816358
500.70991066709166 159.1502503816358
501.12350372937954 159.23048663917936
501.5370967916674 159.39095915426645
501.95068985395517 159.47119541181002
502.36428291624304 159.47119541181002
502.7778759785309 159.55143166935355
503.1914690408188 159.71190418444064
503.60506210310666 159.7921404419842
504.0186551653944 159.7921404419842
504.4322482276823 159.7921404419842
504.84584128997017 159.7921404419842
505.25943435225804 159.7921404419842
505.6730274145459 159.7921404419842
506.0866204768337 159.7921404419842
506.50021353912155 159.7921404419842
506.9138066014094 159.7921404419842
507.3273996636973 159.7921404419842
507.74099272598517 159.7921404419842
508.1545857882729 159.7921404419842
508.5681788505608 159.7921404419842
508.98177191284867 159.7921404419842
509.39536497513654 159.7921404419842
509.8089580374244 159.7921404419842
510.2225510997122 159.7921404419842
510.63614416200005 159.7921404419842
511.0497372242879 159.7921404419842
511.4633302865758 159.7921404419842
511.87692334886367 159.7921404419842
512.2905164111514 159.7921404419842
512.7041094734393 159.7921404419842
513.1177025357272 159.7921404419842
513.531295598015 159.7921404419842
513.9448886603029 159.7921404419842
514.3584817225907 159.7921404419842
514.7720747848786 159.7921404419842
515.1856678471664 159.7921404419842
515.5992609094543 159.7921404419842
516.0128539717422 159.7921404419842
516.4264470340299 159.7921404419842
516.8400400963178 159.7921404419842
517.2536331586057 159.7921404419842
517.6672262208936 159.7921404419842
518.0808192831814 159.7921404419842
518.4944123454692 159.7921404419842
518.9080054077571 159.7921404419842
519.3215984700449 159.7921404419842
519.7351915323328 159.7921404419842
520.1487845946207 159.7921404419842
520.5623776569084 159.7921404419842
520.9759707191963 159.7921404419842
521.3895637814842 159.7921404419842
521.8031568437721 159.7921404419842
522.2167499060599 159.7921404419842
522.6303429683477 159.7921404419842
523.0439360306356 159.7921404419842
523.4575290929234 159.7921404419842
523.8711221552113 159.7921404419842
524.2847152174992 159.7921404419842
524.6983082797869 159.7921404419842
525.1119013420748 159.7921404419842
525.5254944043627 159.6316679268971
525.9390874666506 159.47119541181002
526.3526805289384 159.47119541181002
526.7662735912263 159.47119541181002
527.1798666535141 159.31072289672292
527.5934597158019 159.1502503816358
528.0070527780898 159.1502503816358
528.4206458403777 159.07001412409227
528.8342389026656 158.9897778665487
529.2478319649533 158.90954160900517
529.6614250272412 158.9897778665487
530.0750180895291 159.1502503816358
530.4886111518169 159.1502503816358
530.9022042141048 159.1502503816358
531.3157972763926 159.31072289672292
531.7293903386804 159.47119541181002
532.1429834009683 159.47119541181002
532.5565764632562 159.47119541181002
532.9701695255441 159.71190418444064
533.3837625878318 159.7921404419842
533.7973556501197 159.7921404419842
534.2109487124076 159.7921404419842
534.6245417746954 159.7921404419842
535.0381348369833 159.7921404419842
535.4517278992711 159.7921404419842
535.865320961559 159.7921404419842
536.2789140238468 159.7921404419842
536.6925070861347 159.7921404419842
537.1061001484226 159.7921404419842
537.5196932107103 159.7921404419842
537.9332862729982 159.7921404419842
538.3468793352861 159.7921404419842
538.760472397574 159.7921404419842
539.1740654598618 159.7921404419842
539.5876585221496 159.7921404419842
540.0012515844375 159.7921404419842
540.4148446467253 159.6316679268971
540.8284377090132 159.47119541181002
541.2420307713011 159.47119541181002
541.6556238335888 159.47119541181002
542.0692168958767 159.31072289672292
542.4828099581646 159.1502503816358
542.8964030204525 159.1502503816358
543.3099960827403 159.1502503816358
543.7235891450281 158.9897778665487
544.137182207316 158.8293053514616
544.5507752696038 158.8293053514616
544.9643683318917 158.8293053514616
545.3779613941796 158.8293053514616
545.7915544564673 158.8293053514616
546.2051475187552 158.8293053514616
546.6187405810431 158.8293053514616
547.032333643331 158.8293053514616
547.4459267056188 158.8293053514616
547.8595197679066 158.8293053514616
548.2731128301945 158.8293053514616
548.6867058924823 158.8293053514616
549.1002989547702 158.8293053514616
549.5138920170581 158.8293053514616
549.9274850793458 158.8293053514616
550.3410781416337 158.66883283637452
550.7546712039216 158.50836032128743
551.1682642662095 158.50836032128743
551.5818573284973 158.42812406374387
551.9954503907851 158.26765154865677
552.409043453073 158.1874152911132
552.8226365153608 158.1874152911132
553.2362295776487 158.10717903356968
553.6498226399366 158.02694277602612
554.0634157022243 158.02694277602612
554.4770087645122 158.02694277602612
554.8906018268001 158.10717903356968
555.304194889088 158.42812406374387
555.7177879513758 158.50836032128743
556.1313810136637 158.74906909391805
556.5449740759515 158.74906909391805
556.9585671382393 158.9897778665487
557.3721602005272 159.1502503816358
557.7857532628151 159.39095915426645
558.199346325103 159.47119541181002
558.6129393873907 159.71190418444064
559.0265324496786 159.7921404419842
559.4401255119665 160.03284921461486
559.8537185742543 160.1130854721584
560.2673116365422 160.35379424478904
560.68090469883 160.4340305023326
561.0944977611179 160.67473927496326
561.5080908234057 160.7549755325068
561.9216838856936 160.99568430513744
562.3352769479815 161.075920562681
562.7488700102692 161.31662933531163
563.1624630725571 161.3968655928552
563.576056134845 161.63757436548585
563.9896491971328 161.71781062302938
564.4032422594207 161.8782831381165
564.8168353217085 161.95851939566003
565.2304283839964 162.0387556532036
565.6440214462842 162.0387556532036
566.0576145085721 162.0387556532036
566.47120757086 161.95851939566003
566.8848006331477 161.95851939566003
567.2983936954356 162.0387556532036
567.7119867577235 162.0387556532036
568.1255798200114 161.95851939566003
568.5391728822992 161.95851939566003
568.952765944587 161.95851939566003
569.3663590068749 161.71781062302938
569.7799520691627 161.71781062302938
570.1935451314506 161.71781062302938
570.6071381937385 161.63757436548585
571.0207312560262 161.3968655928552
571.4343243183141 161.3968655928552
571.847917380602 161.3968655928552
572.2615104428899 161.31662933531163
572.6751035051777 161.075920562681
573.0886965674655 161.075920562681
573.5022896297534 161.075920562681
573.9158826920412 160.99568430513744
574.3294757543291 160.83521179005035
574.743068816617 160.7549755325068
575.1566618789047 160.7549755325068
575.5702549411926 160.67473927496326
575.9838480034805 160.4340305023326
576.3974410657684 160.4340305023326
576.8110341280562 160.4340305023326
577.224627190344 160.35379424478904
577.6382202526319 160.1130854721584
578.0518133149197 160.1130854721584
578.4654063772076 160.1130854721584
578.8789994394955 159.9526129570713
579.2925925017832 159.6316679268971
579.7061855640711 159.55143166935355
580.119778626359 158.9897778665487
580.5333716886469 158.90954160900517
580.9469647509347 158.34788780620033
581.3605578132225 158.26765154865677
581.7741508755104 157.70599774585193
582.1877439377982 157.54552523076484
582.6013370000861 157.06410768550353
583.014930062374 156.90363517041644
583.4285231246618 156.42221762515513
583.8421161869496 156.26174511006803
584.2557092492375 155.94080007989385
584.6693023115254 155.8605638223503
585.0828953738132 155.61985504971963
585.496488436101 155.61985504971963
585.9100814983889 155.61985504971963
586.3236745606767 155.45938253463254
586.7372676229646 155.29891001954545
587.1508606852525 155.29891001954545
587.5644537475404 155.29891001954545
587.9780468098281 155.13843750445835
588.391639872116 154.97796498937126
588.8052329344039 154.97796498937126
589.2188259966917 154.97796498937126
589.6324190589796 154.97796498937126
590.0460121212674 154.97796498937126
590.4596051835553 155.13843750445835
590.8731982458431 155.29891001954545
591.286791308131 155.29891001954545
591.7003843704189 155.29891001954545
592.1139774327066 155.45938253463254
592.5275704949945 155.61985504971963
592.9411635572824 155.61985504971963
593.3547566195703 155.7000913072632
593.7683496818581 155.8605638223503
594.1819427441459 155.94080007989385
594.5955358064338 155.94080007989385
595.0091288687216 155.94080007989385
595.4227219310095 155.94080007989385
595.8363149932974 155.94080007989385
596.2499080555851 155.94080007989385
596.663501117873 155.94080007989385
597.0770941801609 155.94080007989385
597.4906872424488 155.94080007989385
597.9042803047366 155.94080007989385
598.3178733670244 155.94080007989385
598.7314664293123 155.94080007989385
599.1450594916001 155.94080007989385
599.558652553888 155.94080007989385
599.9722456161759 155.94080007989385
600.3858386784636 155.94080007989385
600.7994317407515 155.94080007989385
601.2130248030394 155.94080007989385
601.6266178653273 155.94080007989385
602.0402109276151 155.94080007989385
602.4538039899029 155.94080007989385
602.8673970521908 155.94080007989385
603.2809901144786 155.94080007989385
603.6945831767665 155.94080007989385
604.1081762390544 155.94080007989385
604.5217693013421 155.94080007989385
604.93536236363 155.94080007989385
605.3489554259179 155.94080007989385
605.7625484882058 155.94080007989385
606.1761415504936 155.94080007989385
606.5897346127814 155.94080007989385
607.0033276750693 155.94080007989385
607.4169207373571 155.94080007989385
607.830513799645 155.94080007989385
608.2441068619329 156.02103633743738
608.6576999242207 155.94080007989385
609.0712929865085 155.94080007989385
609.4848860487964 155.94080007989385
609.8984791110843 155.94080007989385
610.3120721733721 156.18150885252447
610.7256652356599 156.26174511006803
611.1392582979478 156.26174511006803
611.5528513602356 156.26174511006803
611.9664444225235 156.42221762515513
612.3800374848114 156.58269014024222
612.7936305470992 156.58269014024222
613.207223609387 156.58269014024222
613.6208166716749 156.74316265532934
614.0344097339628 156.90363517041644
614.4480027962506 156.90363517041644
614.8615958585384 156.98387142795997
615.2751889208263 157.06410768550353
615.6887819831142 157.22458020059062
616.102375045402 157.22458020059062
616.5159681076899 157.30481645813418
616.9295611699778 157.46528897322128
617.3431542322655 157.54552523076484
617.7567472945534 157.54552523076484
618.1703403568413 157.62576148830837
618.5839334191292 157.78623400339546
618.997526481417 157.86647026093902
619.4111195437048 157.94670651848259
619.8247126059927 158.34788780620033
620.2383056682805 158.42812406374387
620.6518987305684 158.74906909391805
621.0654917928563 158.90954160900517
621.479084855144 159.31072289672292
621.8926779174319 159.47119541181002
622.3062709797198 159.7921404419842
622.7198640420077 159.9526129570713
623.1334571042955 160.2735579872455
623.5470501665833 160.4340305023326
623.9606432288712 160.67473927496326
624.374236291159 160.83521179005035
624.7878293534469 161.075920562681
625.2014224157348 161.2363930777681
625.6150154780225 161.3968655928552
626.0286085403104 161.5573381079423
626.4422016025983 161.71781062302938
626.8557946648862 161.8782831381165
627.269387727174 162.0387556532036
627.6829807894618 162.1992281682907
628.0965738517497 162.43993694092134
628.5101669140375 162.60040945600844
628.9237599763254 162.76088197109553
629.3373530386133 162.92135448618262
629.750946100901 163.00159074372618
630.1645391631889 163.00159074372618
630.5781322254768 163.16206325881328
630.9917252877647 163.32253577390037
631.4053183500525 163.32253577390037
631.8189114123403 163.32253577390037
632.2325044746282 163.48300828898746
632.646097536916 163.64348080407456
633.0596905992039 163.64348080407456
633.4732836614918 163.64348080407456
633.8868767237796 163.80395331916168
634.3004697860674 163.96442583424877
634.7140628483553 163.96442583424877
635.1276559106432 163.96442583424877
635.541248972931 163.96442583424877
635.9548420352188 163.96442583424877
636.3684350975067 163.96442583424877
636.7820281597945 163.96442583424877
637.1956212220824 163.96442583424877
637.6092142843703 163.96442583424877
638.022807346658 163.96442583424877
638.4364004089459 163.96442583424877
638.8499934712338 163.96442583424877
639.2635865335217 163.96442583424877
639.6771795958095 163.96442583424877
640.0907726580973 163.96442583424877
640.5043657203852 163.96442583424877
640.917958782673 163.96442583424877
641.3315518449609 163.96442583424877
641.7451449072488 163.96442583424877
642.1587379695366 163.96442583424877
642.5723310318244 163.96442583424877
642.9859240941123 163.96442583424877
643.3995171564002 163.96442583424877
643.813110218688 163.96442583424877
644.2267032809758 163.96442583424877
644.6402963432637 163.96442583424877
645.0538894055516 163.96442583424877
645.4674824678394 163.96442583424877
645.8810755301273 163.96442583424877
646.2946685924151 163.96442583424877
646.7082616547029 163.96442583424877
647.1218547169908 163.96442583424877
647.5354477792787 163.96442583424877
647.9490408415666 163.96442583424877
648.3626339038544 163.96442583424877
648.7762269661422 163.96442583424877
649.1898200284301 163.96442583424877
649.6034130907179 163.96442583424877
650.0170061530058 163.96442583424877
650.4305992152937 163.96442583424877
650.8441922775814 163.96442583424877
651.2577853398693 163.96442583424877
651.6713784021572 163.96442583424877
652.0849714644451 163.96442583424877
652.4985645267329 163.96442583424877
652.9121575890207 163.96442583424877
653.3257506513086 163.96442583424877
653.7393437135964 163.96442583424877
654.1529367758843 163.96442583424877
654.5665298381722 163.96442583424877
654.98012290046 163.96442583424877
655.3937159627478 164.12489834933587
655.8073090250357 164.28537086442296
656.2209020873236 164.28537086442296
656.6344951496114 164.28537086442296
657.0480882118992 164.44584337951005
657.4616812741871 164.60631589459717
657.875274336475 164.60631589459717
658.2888673987628 164.60631589459717
658.7024604610507 164.76678840968427
659.1160535233385 164.92726092477136
659.5296465856263 164.92726092477136
659.9432396479142 164.92726092477136
660.3568327102021 164.92726092477136
660.77042577249 164.92726092477136
661.1840188347777 164.92726092477136
661.5976118970656 164.92726092477136
662.0112049593534 164.92726092477136
662.4247980216413 164.92726092477136
662.8383910839292 164.92726092477136
663.251984146217 164.92726092477136
663.6655772085048 164.92726092477136
664.0791702707927 164.92726092477136
664.4927633330806 164.8470246672278
664.9063563953684 164.6865521521407
665.3199494576562 164.60631589459717
665.7335425199441 164.60631589459717
666.147135582232 164.44584337951005
666.5607286445198 164.36560712196652
666.9743217068077 164.28537086442296
667.3879147690955 164.28537086442296
667.8015078313833 164.12489834933587
668.2151008936712 163.96442583424877
668.6286939559591 163.96442583424877
669.042287018247 163.96442583424877
669.4558800805347 163.96442583424877
669.8694731428226 163.96442583424877
670.2830662051105 164.12489834933587
670.6966592673983 164.20513460687943
671.1102523296862 164.28537086442296
671.523845391974 164.28537086442296
671.9374384542618 164.44584337951005
672.3510315165497 164.60631589459717
672.7646245788376 164.60631589459717
673.1782176411255 164.60631589459717
673.5918107034132 164.76678840968427
674.0054037657011 164.92726092477136
674.418996827989 164.92726092477136
674.8325898902768 164.92726092477136
675.2461829525647 164.92726092477136
675.6597760148525 164.92726092477136
676.0733690771403 164.92726092477136
676.4869621394282 164.92726092477136
676.9005552017161 164.92726092477136
677.314148264004 164.92726092477136
677.7277413262918 164.92726092477136
678.1413343885796 164.92726092477136
678.5549274508675 164.92726092477136
678.9685205131553 164.92726092477136
679.3821135754432 164.92726092477136
679.7957066377311 164.92726092477136
680.2092997000188 164.92726092477136
680.6228927623067 164.92726092477136
681.0364858245946 164.92726092477136
681.4500788868825 164.92726092477136
681.8636719491703 164.92726092477136
682.2772650114581 164.92726092477136
682.690858073746 164.92726092477136
683.1044511360338 164.92726092477136
683.5180441983217 164.92726092477136
683.9316372606096 164.92726092477136
684.3452303228974 164.92726092477136
684.7588233851852 164.92726092477136
685.1724164474731 164.92726092477136
685.586009509761 164.92726092477136
685.9996025720488 164.92726092477136
686.4131956343366 164.92726092477136
686.8267886966245 164.92726092477136
687.2403817589123 164.92726092477136
687.6539748212002 164.92726092477136
688.0675678834881 164.92726092477136
688.4811609457759 164.92726092477136
688.8947540080637 164.92726092477136
689.3083470703516 164.92726092477136
689.7219401326395 164.76678840968427
690.1355331949273 164.60631589459717
690.5491262572151 164.60631589459717
690.962719319503 164.60631589459717
691.3763123817909 164.44584337951005
691.7899054440787 164.28537086442296
692.2034985063666 164.28537086442296
692.6170915686544 164.28537086442296
693.0306846309422 164.12489834933587
693.4442776932301 163.96442583424877
693.857870755518 163.96442583424877
694.2714638178059 163.96442583424877
694.6850568800936 163.96442583424877
695.0986499423815 163.96442583424877
695.5122430046694 163.96442583424877
695.9258360669572 163.96442583424877
696.3394291292451 163.96442583424877
696.7530221915329 163.96442583424877
697.1666152538207 163.96442583424877
697.5802083161086 163.96442583424877
697.9938013783965 163.96442583424877
698.4073944406844 163.96442583424877
698.8209875029721 163.96442583424877
699.23458056526 163.96442583424877
699.6481736275479 163.96442583424877
700.0617666898357 163.96442583424877
700.4753597521236 163.96442583424877
700.8889528144114 163.96442583424877
701.3025458766992 163.96442583424877
701.7161389389871 163.96442583424877
702.129732001275 163.96442583424877
702.5433250635629 163.96442583424877
702.9569181258506 163.96442583424877
703.3705111881385 163.96442583424877
703.7841042504264 163.96442583424877
704.1976973127142 163.96442583424877
704.6112903750021 163.96442583424877
705.0248834372899 163.96442583424877
705.4384764995777 163.96442583424877
705.8520695618656 163.96442583424877
706.2656626241535 163.96442583424877
706.6792556864414 163.96442583424877
707.0928487487291 163.96442583424877
707.506441811017 163.96442583424877
707.9200348733049 163.96442583424877
708.3336279355927 163.96442583424877
708.7472209978806 163.96442583424877
709.1608140601685 163.96442583424877
709.5744071224563 163.96442583424877
709.9880001847441 164.20513460687943
710.401593247032 164.28537086442296
710.8151863093199 164.5260796370536
711.2287793716077 164.60631589459717
711.6423724338955 164.8470246672278
712.0559654961834 164.92726092477136
712.4695585584712 165.24820595494555
712.8831516207591 165.3284422124891
713.296744683047 165.56915098511976
713.7103377453348 165.6493872426633
714.1239308076226 165.80985975775042
714.5375238699105 165.89009601529395
714.9511169321984 165.89009601529395
715.3647099944862 165.89009601529395
715.778303056774 165.89009601529395
716.1918961190619 165.89009601529395
716.6054891813498 165.89009601529395
717.0190822436376 165.89009601529395
717.4326753059255 165.89009601529395
717.8462683682133 165.89009601529395
718.2598614305011 165.89009601529395
718.673454492789 165.89009601529395
719.0870475550769 165.89009601529395
719.5006406173648 165.89009601529395
719.9142336796525 165.89009601529395
720.3278267419404 165.89009601529395
720.7414198042283 165.89009601529395
721.1550128665161 165.89009601529395
721.568605928804 165.89009601529395
721.9821989910918 165.89009601529395
722.3957920533796 165.89009601529395
722.8093851156675 165.89009601529395
723.2229781779554 165.89009601529395
723.6365712402433 165.89009601529395
724.050164302531 165.89009601529395
724.4637573648189 165.9703322728375
724.8773504271068 166.1308047879246
725.2909434893946 166.2912773030117
725.7045365516825 166.4517498180988
726.1181296139703 166.61222233318588
726.5317226762581 166.85293110581654
726.945315738546 166.9331673633601
727.3589088008339 167.0936398784472
727.7725018631218 167.25411239353429
728.1860949254095 167.49482116616494
728.5996879876974 167.57505742370847
729.0132810499853 167.81576619633913
729.4268741122731 167.81576619633913
729.840467174561 168.05647496896978
730.2540602368488 168.13671122651334
730.6676532991366 168.13671122651334
731.0812463614245 168.13671122651334
731.4948394237124 168.37741999914397
731.9084324860003 168.45765625668753
732.322025548288 168.45765625668753
732.7356186105759 168.5378925142311
733.1492116728638 168.69836502931818
733.5628047351516 168.77860128686171
733.9763977974395 168.77860128686171
734.3899908597273 168.77860128686171
734.8035839220152 168.77860128686171
735.217176984303 168.77860128686171
735.6307700465909 168.77860128686171
736.0443631088788 168.77860128686171
736.4579561711665 168.77860128686171
736.8715492334544 168.77860128686171
737.2851422957423 168.77860128686171
737.6987353580301 168.77860128686171
738.112328420318 168.77860128686171
738.5259214826059 168.77860128686171
738.9395145448937 168.77860128686171
739.3531076071815 168.77860128686171
739.7667006694694 168.77860128686171
740.1802937317573 168.77860128686171
740.5938867940451 168.77860128686171
741.0074798563329 168.77860128686171
741.4210729186208 168.77860128686171
741.8346659809087 168.77860128686171
742.2482590431965 168.77860128686171
742.6618521054844 168.77860128686171
743.0754451677722 168.77860128686171
743.48903823006 168.77860128686171
743.9026312923479 168.77860128686171
744.3162243546358 168.77860128686171
744.7298174169237 168.77860128686171
745.1434104792114 168.77860128686171
745.5570035414993 168.77860128686171
745.9705966037872 168.77860128686171
746.384189666075 168.77860128686171
746.7977827283629 168.77860128686171
747.2113757906507 168.77860128686171
747.6249688529385 168.77860128686171
748.0385619152264 168.77860128686171
748.4521549775143 168.77860128686171
748.8657480398022 168.77860128686171
749.2793411020899 168.77860128686171
749.6929341643778 168.77860128686171
750.1065272266657 168.77860128686171
750.5201202889535 168.77860128686171
750.9337133512414 168.77860128686171
751.3473064135292 168.77860128686171
751.760899475817 168.77860128686171
752.1744925381049 168.77860128686171
752.5880856003928 168.77860128686171
753.0016786626807 168.77860128686171
753.4152717249684 168.77860128686171
753.8288647872563 168.77860128686171
754.2424578495442 168.77860128686171
754.656050911832 168.61812877177462
755.0696439741199 168.45765625668753
755.4832370364077 168.29718374160043
755.8968300986955 168.21694748405687
756.3104231609834 167.97623871142622
756.7240162232713 167.81576619633913
757.1376092855592 167.65529368125203
757.5512023478469 167.57505742370847
757.9647954101348 167.25411239353429
758.3783884724227 167.17387613599072
758.7919815347105 166.9331673633601
759.2055745969984 166.85293110581654
759.6191676592862 166.61222233318588
760.032760721574 166.53198607564235
760.4463537838619 166.2912773030117
760.8599468461498 166.21104104546814
761.2735399084377 165.9703322728375
761.6871329707254 165.89009601529395
762.1007260330133 165.6493872426633
762.5143190953012 165.56915098511976
762.927912157589 165.3284422124891
763.3415052198769 165.24820595494555
763.7550982821647 165.00749718231492
764.1686913444526 164.92726092477136
764.5822844067404 164.8470246672278
764.9958774690283 164.6865521521407
765.4094705313162 164.60631589459717
765.8230635936039 164.60631589459717
766.2366566558918 164.5260796370536
766.6502497181797 164.36560712196652
767.0638427804676 164.28537086442296
767.4774358427554 164.28537086442296
767.8910289050433 164.12489834933587
768.3046219673311 163.96442583424877
768.7182150296189 163.96442583424877
769.1318080919068 163.8841895767052
769.5454011541947 163.64348080407456
769.9589942164826 163.56324454653102
770.3725872787703 163.32253577390037
770.7861803410582 163.2422995163568
771.1997734033461 163.00159074372618
771.6133664656339 162.92135448618262
772.0269595279218 162.68064571355197
772.4405525902096 162.60040945600844
772.8541456524974 162.35970068337778
773.2677387147853 162.27946442583425
773.6813317770732 162.0387556532036
774.094924839361 161.95851939566003
774.5085179016488 161.71781062302938
774.9221109639367 161.71781062302938
775.3357040262246 161.71781062302938
775.7492970885124 161.5573381079423
776.1628901508003 161.3968655928552
776.5764832130881 161.3968655928552
776.9900762753759 161.3968655928552
777.4036693376638 161.2363930777681
777.8172623999517 161.075920562681
778.2308554622396 161.075920562681
778.6444485245273 161.075920562681
779.0580415868152 160.99568430513744
779.4716346491031 160.91544804759388
779.8852277113909 160.91544804759388
780.2988207736788 160.83521179005035
780.7124138359666 160.83521179005035
781.1260068982544 160.83521179005035
781.5395999605423 160.83521179005035
781.9531930228302 160.83521179005035
782.3667860851181 160.83521179005035
782.7803791474058 160.83521179005035
783.1939722096937 160.83521179005035
783.6075652719816 160.83521179005035
784.0211583342694 160.83521179005035
784.4347513965573 160.83521179005035
784.8483444588451 160.83521179005035
785.261937521133 160.83521179005035
785.6755305834208 160.83521179005035
786.0891236457087 160.83521179005035
786.5027167079966 160.83521179005035
786.9163097702843 160.83521179005035
787.3299028325722 160.83521179005035
787.7434958948601 160.83521179005035
788.157088957148 160.83521179005035
788.5706820194358 160.83521179005035
788.9842750817236 160.83521179005035
789.3978681440115 160.83521179005035
789.8114612062993 160.83521179005035
790.2250542685872 160.83521179005035
790.6386473308751 160.83521179005035
791.0522403931628 160.83521179005035
791.4658334554507 160.83521179005035
791.8794265177386 160.83521179005035
792.2930195800265 160.83521179005035
792.7066126423143 160.83521179005035
793.1202057046021 160.83521179005035
793.53379876689 160.83521179005035
793.9473918291778 160.83521179005035
794.3609848914657 160.83521179005035
794.7745779537536 160.83521179005035
795.1881710160413 160.83521179005035
795.6017640783292 160.83521179005035
796.0153571406171 160.83521179005035
796.428950202905 160.83521179005035
796.8425432651928 160.83521179005035
797.2561363274806 160.83521179005035
797.6697293897685 160.83521179005035
798.0833224520563 160.83521179005035
798.4969155143442 160.83521179005035
798.9105085766321 160.83521179005035
799.32410163892 160.83521179005035
799.7376947012077 160.83521179005035
800.1512877634956 160.83521179005035
800.5648808257835 160.83521179005035
800.9784738880713 160.83521179005035
801.3920669503592 160.83521179005035
801.805660012647 160.83521179005035
802.2192530749348 160.83521179005035
802.6328461372227 160.83521179005035
803.0464391995106 160.83521179005035
803.4600322617985 160.83521179005035
803.8736253240862 160.83521179005035
804.2872183863741 160.83521179005035
804.700811448662 160.83521179005035
805.1144045109498 160.83521179005035
805.5279975732377 160.83521179005035
805.9415906355255 160.83521179005035
806.3551836978133 160.83521179005035
806.7687767601012 160.83521179005035
807.1823698223891 160.83521179005035
807.595962884677 160.83521179005035
808.0095559469647 160.83521179005035
808.4231490092526 160.83521179005035
808.8367420715405 160.83521179005035
809.2503351338283 160.83521179005035
809.6639281961162 160.83521179005035
810.077521258404 160.83521179005035
810.4911143206918 160.83521179005035
810.9047073829797 160.83521179005035
811.3183004452676 160.83521179005035
811.7318935075555 160.83521179005035
812.1454865698432 160.83521179005035
812.5590796321311 160.83521179005035
812.972672694419 160.83521179005035
813.3862657567068 160.83521179005035
813.7998588189947 160.83521179005035
814.2134518812825 160.83521179005035
814.6270449435704 160.83521179005035
815.0406380058582 160.83521179005035
815.4542310681461 160.83521179005035
815.867824130434 160.83521179005035
816.2814171927217 160.83521179005035
816.6950102550096 160.83521179005035
817.1086033172975 160.83521179005035
817.5221963795854 160.83521179005035
817.9357894418732 160.83521179005035
818.349382504161 160.83521179005035
818.7629755664489 160.91544804759388
819.1765686287367 160.91544804759388
819.5901616910246 161.075920562681
820.0037547533125 161.075920562681
820.4173478156002 161.075920562681
820.8309408778881 161.2363930777681
821.244533940176 161.31662933531163
821.6581270024639 161.3968655928552
822.0717200647517 161.3968655928552
822.4853131270395 161.5573381079423
822.8989061893274 161.71781062302938
823.3124992516152 161.71781062302938
823.7260923139031 161.71781062302938
824.139685376191 161.71781062302938
824.5532784384787 161.71781062302938
824.9668715007666 161.71781062302938
825.3804645630545 161.71781062302938
825.7940576253424 161.5573381079423
826.2076506876302 161.3968655928552
826.621243749918 161.3968655928552
827.0348368122059 161.3968655928552
827.4484298744937 161.2363930777681
827.8620229367816 161.075920562681
828.2756159990695 161.075920562681
828.6892090613574 161.075920562681
829.1028021236451 160.99568430513744
829.516395185933 160.99568430513744
829.9299882482209 161.075920562681
830.3435813105087 161.075920562681
830.7571743727966 161.15615682022454
831.1707674350844 161.31662933531163
831.5843604973722 161.3968655928552
831.9979535596601 161.3968655928552
832.411546621948 161.47710185039875
832.8251396842359 161.5573381079423
833.2387327465236 161.71781062302938
833.6523258088115 161.71781062302938
834.0659188710994 161.71781062302938
834.4795119333872 161.8782831381165
834.8931049956751 161.95851939566003
835.3066980579629 162.0387556532036
835.7202911202507 162.0387556532036
836.1338841825386 161.95851939566003
836.5474772448265 161.95851939566003
836.9610703071144 162.0387556532036
837.3746633694021 162.0387556532036
837.78825643169 161.95851939566003
838.2018494939779 161.95851939566003
838.6154425562657 161.95851939566003
839.0290356185536 161.8782831381165
839.4426286808414 161.71781062302938
839.8562217431293 161.71781062302938
840.2698148054171 161.71781062302938
840.683407867705 161.5573381079423
841.0970009299929 161.3968655928552
841.5105939922806 161.3968655928552
841.9241870545685 161.3968655928552
842.3377801168564 161.2363930777681
842.7513731791443 161.075920562681
843.1649662414321 161.075920562681
843.5785593037199 161.075920562681
843.9921523660078 160.99568430513744
844.4057454282956 160.91544804759388
844.8193384905835 160.91544804759388
845.2329315528714 160.83521179005035
845.6465246151591 160.83521179005035
846.060117677447 160.83521179005035
846.4737107397349 160.83521179005035
846.8873038020228 160.83521179005035
847.3008968643106 160.83521179005035
847.7144899265984 160.83521179005035
848.1280829888863 160.83521179005035
848.5416760511741 160.83521179005035
848.955269113462 160.83521179005035
849.3688621757499 160.7549755325068
849.7824552380376 160.7549755325068
850.1960483003255 160.7549755325068
850.6096413626134 160.5945030174197
851.0232344249013 160.4340305023326
851.4368274871891 160.4340305023326
851.8504205494769 160.4340305023326
852.2640136117648 160.2735579872455
852.6776066740526 160.1130854721584
853.0911997363405 160.1130854721584
853.5047927986284 160.1130854721584
853.9183858609161 160.03284921461486
854.331978923204 160.03284921461486
854.7455719854919 160.1130854721584
855.1591650477798 160.19332172970195
855.5727581100676 160.4340305023326
855.9863511723554 160.51426675987614
856.3999442346433 160.7549755325068
856.8135372969311 160.83521179005035
857.227130359219 161.075920562681
857.6407234215069 161.15615682022454
858.0543164837947 161.3968655928552
858.4679095460825 161.5573381079423
858.8815026083704 161.71781062302938
859.2950956706583 161.79804688057294
859.7086887329461 161.95851939566003
860.122281795234 161.95851939566003
860.5358748575218 162.0387556532036
860.9494679198096 161.95851939566003
861.3630609820975 161.95851939566003
861.7766540443854 162.0387556532036
862.1902471066733 162.0387556532036
862.603840168961 162.0387556532036
863.0174332312489 162.0387556532036
863.4310262935368 162.0387556532036
863.8446193558246 161.95851939566003
864.2582124181125 161.8782831381165
864.6718054804003 161.71781062302938
865.0853985426882 161.71781062302938
865.498991604976 161.71781062302938
865.9125846672639 161.5573381079423
866.3261777295518 161.3968655928552
866.7397707918395 161.3968655928552
867.1533638541274 161.31662933531163
867.5669569164153 161.2363930777681
867.9805499787032 161.075920562681
868.394143040991 161.075920562681
868.8077361032788 161.075920562681
869.2213291655667 160.91544804759388
869.6349222278545 160.91544804759388
870.0485152901424 160.83521179005035
870.4621083524303 160.83521179005035
870.875701414718 160.83521179005035
871.2892944770059 160.83521179005035
871.7028875392938 160.83521179005035
872.1164806015817 160.83521179005035
872.5300736638695 160.83521179005035
872.9436667261573 160.83521179005035
