72 504.5
73 504.5
74 504.5
75 504.5
76 505.0
77 504.5
78 504.5
79 504.5
80 504.5
81 504.5
82 504.5
83 504.5
84 504.5
85 504.5
86 504.5
87 504.5
88 504.5
89 496.57142857142856
90 485.5
91 482.5
92 481.5
93 479.0
94 478.0
95 475.5
96 475.0
97 473.0
98 472.0
99 469.5
100 468.5
101 466.5
102 466.0
103 463.0
104 462.5
105 461.0
106 460.5
107 460.0
108 459.5
109 458.5
110 458.5
111 458.5
112 457.5
113 456.5
114 456.5
115 455.5
116 455.0
117 454.5
118 454.0
119 452.5
120 452.0
121 450.5
122 450.0
123 448.5
124 448.0
125 446.5
126 445.5
127 444.5
128 443.5
129 441.0
130 439.5
131 435.0
132 434.0
133 428.5
134 427.5
135 422.5
136 421.5
137 416.5
138 415.5
139 410.0
140 409.5
141 405.0
142 403.5
143 400.5
144 399.5
145 396.0
146 395.5
147 392.0
148 391.5
149 388.0
150 387.5
151 383.5
152 383.0
153 380.5
154 379.5
155 378.5
156 377.0
157 376.0
158 375.5
159 374.0
160 373.0
161 372.0
162 371.0
163 370.0
164 369.0
165 368.0
166 367.0
167 366.0
168 365.0
169 363.5
170 363.0
171 362.0
172 361.0
173 359.0
174 358.5
175 357.0
176 356.5
177 355.0
178 354.5
179 352.0
180 351.5
181 349.0
182 348.0
183 346.0
184 345.0
185 343.0
186 342.0
187 340.0
188 339.0
189 337.0
190 336.5
191 334.5
192 334.5
193 332.5
194 332.5
195 330.5
196 330.0
197 328.5
198 328.0
199 326.5
200 326.0
201 324.5
202 324.5
203 323.5
204 322.5
205 322.5
206 322.5
207 321.5
208 320.5
209 320.5
210 320.5
211 319.0
212 318.5
213 318.5
214 318.5
215 318.5
216 318.5
217 318.5
218 318.5
219 318.5
220 318.5
221 318.5
222 318.5
223 318.5
224 318.5
225 318.5
226 317.5
227 316.5
228 316.0
229 314.5
230 313.5
231 312.5
232 312.0
233 310.5
234 310.0
235 308.5
236 308.0
237 306.5
238 305.5
239 304.5
240 304.5
241 304.5
242 303.5
243 302.5
244 302.5
245 302.0
246 301.0
247 300.5
248 300.5
249 300.5
250 299.5
251 298.5
252 298.5
253 298.5
254 298.5
255 298.5
256 298.5
257 298.5
258 298.5
259 298.5
260 298.5
261 298.5
262 298.5
263 298.5
264 298.5
265 298.5
266 298.5
267 298.5
268 298.5
269 298.5
270 298.5
271 298.5
272 298.5
273 298.5
274 299.5
275 300.5
276 300.5
277 300.5
278 301.5
279 302.5
280 302.5
281 302.5
282 303.5
283 304.5
284 304.5
285 304.5
286 305.5
287 305.5
288 305.5
289 305.5
290 306.0
291 306.0
292 305.5
293 305.5
294 306.0
295 306.0
296 305.5
297 305.5
298 305.0
299 304.5
300 304.0
301 302.5
302 302.0
303 300.5
304 300.0
305 298.5
306 298.0
307 296.5
308 296.0
309 294.5
310 293.5
311 292.5
312 292.5
313 291.5
314 290.5
315 290.5
316 290.5
317 289.5
318 288.5
319 288.5
320 288.5
321 288.5
322 287.0
323 287.5
324 288.5
325 288.5
326 288.5
327 289.0
328 290.5
329 290.5
330 290.5
331 291.5
332 292.5
333 292.5
334 292.5
335 292.5
336 292.5
337 292.0
338 290.5
339 290.5
340 290.5
341 289.5
342 289.0
343 288.5
344 288.5
345 288.0
346 287.0
347 286.5
348 286.5
349 285.5
350 285.0
351 284.5
352 284.5
353 283.5
354 282.5
355 282.5
356 282.5
357 281.5
358 280.5
359 280.5
360 280.5
361 280.5
362 280.5
363 280.5
364 280.5
365 280.5
366 280.5
367 280.5
368 280.5
369 280.5
370 280.5
371 280.5
372 280.5
373 280.5
374 280.5
375 280.5
376 280.5
377 280.5
378 280.5
379 280.5
380 280.5
381 280.5
382 280.5
383 280.5
384 280.5
385 280.5
386 280.5
387 280.5
388 280.5
389 280.5
390 280.5
391 280.5
392 280.5
393 280.5
394 280.5
395 280.5
396 280.5
397 280.5
398 280.5
399 280.5
400 280.5
401 280.5
402 280.5
403 280.5
404 280.5
405 280.5
406 280.5
407 280.5
408 281.0
409 282.5
410 282.5
411 282.5
412 283.5
413 284.5
414 284.5
415 284.5
416 285.5
417 286.5
418 286.5
419 286.5
420 287.5
421 288.5
422 288.5
423 288.5
424 289.5
425 290.5
426 290.5
427 290.5
428 291.5
429 292.5
430 292.5
431 292.5
432 292.5
433 291.0
434 290.5
435 289.0
436 288.0
437 287.0
438 286.5
439 285.0
440 284.0
441 283.0
442 282.5
443 281.0
444 280.5
445 280.5
446 280.5
447 280.5
448 280.5
449 280.5
450 280.5
451 280.5
452 280.5
453 280.5
454 280.5
455 280.5
456 280.5
457 280.5
458 280.5
459 280.5
460 280.5
461 280.5
462 280.5
463 280.5
464 280.5
465 280.5
466 280.5
467 280.5
468 280.5
469 280.0
470 279.0
471 278.5
472 278.5
473 278.0
474 277.0
475 276.5
476 276.5
477 276.0
478 275.5
479 274.5
480 274.0
481 273.0
482 272.0
483 271.0
484 270.0
485 268.5
486 268.0
487 267.0
488 266.0
489 265.0
490 264.0
491 263.0
492 262.5
493 262.5
494 262.5
495 262.5
496 262.5
497 262.5
498 262.5
499 262.5
500 262.5
501 262.5
502 262.5
503 262.5
504 262.5
505 261.0
506 260.5
507 260.5
508 260.0
509 259.0
510 258.5
511 258.5
512 258.0
513 257.0
514 256.5
515 256.5
516 256.0
517 255.0
518 254.5
519 254.5
520 254.0
521 253.0
522 252.5
523 252.5
524 251.5
525 250.5
526 250.5
527 250.5
528 249.5
529 248.5
530 248.5
531 248.5
532 247.5
533 246.5
534 246.5
535 246.5
536 245.5
537 244.5
538 244.5
539 244.5
540 243.5
541 242.5
542 242.5
543 242.5
544 242.5
545 242.5
546 242.5
547 242.5
548 242.5
549 242.5
550 242.5
551 242.5
552 242.5
553 242.5
554 242.5
555 242.5
556 242.5
557 242.5
558 242.5
559 242.5
560 242.5
561 242.5
562 242.5
563 242.5
564 242.5
565 242.5
566 242.5
567 242.5
568 242.5
569 242.5
570 242.5
571 242.5
572 242.5
573 242.5
574 242.5
575 243.0
576 244.0
577 244.5
578 245.0
579 246.5
580 247.0
581 248.5
582 249.0
583 250.5
584 251.0
585 252.5
586 253.0
587 254.5
588 255.0
589 255.0
590 254.5
591 254.5
592 254.5
593 253.0
594 252.5
595 252.5
596 252.5
597 251.0
598 250.5
599 250.5
600 250.0
601 249.0
602 248.5
603 248.5
604 248.0
605 247.0
606 246.5
607 246.5
608 246.0
609 245.0
610 244.5
611 244.5
612 244.5
613 245.0
614 245.5
615 248.0
616 249.0
617 251.0
618 251.5
619 254.0
620 255.0
621 257.0
622 258.0
623 260.0
624 261.0
625 263.0
626 263.0
627 264.5
628 265.5
629 267.0
630 267.5
631 268.5
632 270.0
633 271.0
634 272.0
635 272.5
636 273.5
637 274.5
638 274.5
639 274.5
640 274.5
641 274.5
642 274.5
643 274.5
644 274.5
645 274.5
646 274.5
647 274.5
648 274.5
649 274.5
650 274.5
651 274.5
652 274.5
653 274.5
654 274.5
655 274.5
656 274.5
657 274.5
658 274.5
659 274.5
660 274.5
661 274.5
662 274.5
663 274.5
664 274.5
665 274.5
666 274.5
667 274.5
668 274.5
669 274.5
670 274.5
671 274.5
672 274.5
673 274.5
674 274.5
675 274.5
676 274.5
677 274.5
678 274.5
679 274.5
680 274.5
681 274.5
682 274.5
683 274.5
684 274.5
685 274.5
686 274.5
687 275.5
688 276.5
689 276.5
690 276.5
691 278.0
692 278.5
693 278.5
694 278.5
695 280.0
696 280.5
697 280.5
698 280.5
699 280.0
700 279.0
701 278.5
702 278.5
703 278.0
704 277.0
705 276.5
706 276.5
707 275.5
708 274.5
709 273.5
710 273.0
711 269.0
712 268.0
713 264.0
714 263.0
715 259.0
716 258.0
717 254.0
718 253.0
719 248.0
720 247.5
721 244.0
722 242.5
723 240.5
724 239.5
725 237.0
726 236.0
727 234.0
728 233.5
729 231.0
730 230.5
731 228.0
732 227.5
733 225.5
734 225.0
735 224.5
736 224.5
737 224.5
738 224.5
739 224.5
740 224.5
741 224.5
742 224.5
743 224.5
744 224.5
745 224.5
746 224.5
747 224.5
748 223.5
749 222.5
750 222.5
751 222.0
752 221.0
753 220.5
754 220.5
755 220.0
756 219.0
757 218.5
758 218.5
759 218.0
760 217.5
761 216.5
762 216.5
763 216.0
764 215.0
765 214.5
766 214.5
767 213.5
768 213.0
769 213.0
770 213.0
771 214.0
772 215.0
773 216.0
774 216.5
775 218.5
776 218.5
777 220.5
778 221.0
779 222.5
780 223.0
781 223.5
782 223.5
783 223.0
784 221.5
785 219.5
786 219.0
787 216.0
788 215.5
789 213.0
790 212.0
791 210.0
792 209.5
793 207.0
794 206.5
795 206.5
796 206.5
797 206.5
798 206.5
799 206.5
800 206.5
801 206.5
802 206.5
803 206.5
804 206.5
805 206.5
806 206.5
807 206.5
808 207.0
809 208.0
810 208.5
811 208.5
812 209.0
813 210.0
814 210.5
815 210.5
816 211.0
817 212.0
818 212.0
819 212.0
820 211.0
821 210.5
822 210.5
823 210.0
824 209.0
825 208.5
826 208.5
827 208.0
828 207.0
829 206.5
830 206.5
831 206.5
832 207.0
833 208.0
834 208.5
835 208.5
836 209.0
837 210.0
838 210.5
839 210.5
840 211.0
841 211.5
842 211.5
843 211.0
844 210.5
845 209.0
846 208.5
847 207.0
848 206.5
849 205.0
850 204.5
851 203.0
852 202.5
853 201.0
854 200.5
855 199.0
856 198.5
857 198.5
858 198.5
859 197.0
860 196.5
861 196.5
862 196.5
863 195.0
864 194.5
865 194.5
866 194.5
867 194.0
868 194.0
869 194.0
870 194.0
871 194.0
872 194.0
873 194.0
874 194.0
875 194.0
876 194.0
877 194.0
878 194.5
879 194.5
880 194.5
881 194.5
882 195.5
883 196.5
884 196.5
885 196.5
886 197.5
887 198.5
888 198.5
889 199.0
890 199.5
891 200.5
892 201.0
893 202.5
894 203.5
895 204.5
896 205.0
897 207.0
898 207.5
899 209.0
900 209.5
901 211.0
902 211.5
903 211.5
904 211.5
905 211.0
906 210.5
907 210.5
908 209.5
909 209.0
910 208.5
911 208.5
912 207.5
913 206.5
914 206.5
915 206.5
916 206.5
917 206.5
918 206.5
919 206.5
920 206.5
921 206.5
922 206.5
923 206.5
924 206.5
925 206.5
926 206.5
927 206.0
928 205.0
929 203.5
930 203.0
931 201.0
932 200.5
933 199.0
934 198.5
935 197.0
936 196.5
937 195.0
938 194.5
939 194.5
940 194.0
941 194.0
942 194.0
943 194.0
944 194.0
945 194.0
946 194.0
947 194.0
948 194.0
949 194.0
950 194.0
951 194.0
952 194.0
953 194.0
954 194.0
955 194.0
956 194.0
957 194.0
958 194.0
959 194.0
960 194.0
961 194.0
962 193.5
963 193.5
964 192.5
965 192.5
966 192.5
967 191.5
968 190.5
969 190.5
970 190.5
971 189.5
972 188.5
973 188.5
974 188.5
975 187.5
976 187.0
977 187.0
978 186.5
979 186.5
980 187.0
981 187.0
982 187.0
983 187.0
984 187.0
985 187.0
986 187.0
987 187.5
988 188.5
989 188.5
990 188.5
991 189.5
992 190.5
993 190.5
994 190.5
995 191.5
996 192.5
997 192.5
998 192.5
999 192.5
1000 192.5
1001 192.5
1002 192.5
1003 191.5
1004 191.0
1005 190.5
1006 190.5
1007 190.0
1008 189.0
1009 188.5
1010 188.5
1011 188.0
1012 187.0
1013 187.0
1014 186.5
1015 186.5
1016 187.0
1017 186.5
1018 186.5
1019 186.5
1020 187.0
1021 187.0
1022 186.5
1023 186.5
1024 186.5
1025 186.5
1026 186.5
1027 185.5
1028 184.5
1029 184.5
1030 184.5
1031 183.5
1032 182.5
1033 182.5
1034 182.5
1035 181.5
1036 180.5
1037 180.5
1038 180.5
1039 180.5
1040 180.5
1041 180.5
1042 180.5
1043 180.5
1044 180.5
1045 180.5
1046 180.5
1047 180.5
1048 180.5
1049 180.5
1050 180.5
1051 179.5
1052 178.5
1053 178.5
1054 178.5
1055 177.5
1056 176.5
1057 176.5
1058 176.5
1059 175.5
1060 174.5
1061 174.5
1062 174.5
1063 174.5
1064 174.5
1065 174.5
1066 174.5
1067 174.5
1068 174.5
1069 174.5
1070 174.5
1071 174.5
1072 175.0
1073 175.5
1074 176.5
1075 176.5
1076 176.5
1077 178.0
1078 178.5
1079 178.5
1080 179.0
1081 180.0
1082 180.5
1083 180.5
1084 180.5
1085 180.5
1086 180.5
1087 180.5
1088 180.5
1089 180.5
1090 180.5
1091 180.5
1092 180.5
1093 180.5
1094 180.5
1095 180.5
1096 180.5
1097 180.5
1098 180.5
1099 180.5
1100 180.5
1101 180.5
1102 180.5
1103 180.5
1104 180.5
1105 180.5
1106 180.5
1107 180.5
1108 180.5
1109 180.5
1110 180.5
1111 180.0
1112 179.5
1113 178.5
1114 178.5
1115 177.5
1116 176.5
1117 176.5
1118 176.5
1119 175.5
1120 174.5
1121 174.5
1122 174.5
1123 173.5
1124 172.5
1125 172.5
1126 172.5
1127 171.5
1128 170.5
1129 170.5
1130 170.5
1131 169.5
1132 168.5
1133 168.5
1134 168.5
1135 168.5
1136 168.5
1137 168.5
1138 168.5
1139 168.5
1140 168.5
1141 168.5
1142 168.5
1143 168.5
1144 168.5
1145 168.5
1146 169.5
1147 170.5
1148 170.5
1149 170.5
1150 172.5
1151 172.5
1152 172.5
1153 173.5
1154 174.0
1155 174.5
1156 174.5
1157 174.5
1158 174.5
1159 174.5
1160 174.5
1161 174.5
1162 174.5
1163 174.5
1164 174.5
1165 174.5
1166 174.5
1167 174.5
1168 174.5
1169 175.5
1170 176.5
1171 176.5
1172 176.5
1173 177.5
1174 178.5
1175 178.5
1176 178.5
1177 179.5
1178 180.5
1179 180.5
1180 180.5
1181 180.5
1182 180.5
1183 180.5
1184 179.5
1185 178.5
1186 178.5
1187 178.5
1188 177.5
1189 176.5
1190 176.5
1191 176.5
1192 175.5
1193 174.5
1194 174.5
1195 174.0
1196 173.5
1197 172.5
1198 172.5
1199 172.5
1200 171.0
1201 170.5
1202 170.5
1203 169.5
1204 168.5
1205 168.5
1206 168.0
1207 166.5
1208 166.0
1209 164.5
1210 164.0
1211 162.5
1212 162.0
1213 160.5
1214 159.5
1215 158.5
1216 157.5
1217 156.5
1218 156.5
1219 156.5
1220 156.5
1221 156.5
1222 156.5
1223 156.5
1224 156.5
1225 156.5
1226 156.5
1227 156.5
1228 156.5
1229 156.5
1230 156.5
1231 156.5
1232 156.5
1233 156.5
1234 156.5
1235 156.5
1236 156.5
1237 156.5
1238 156.5
1239 156.5
1240 156.5
1241 156.5
1242 157.0
1243 157.5
1244 158.5
1245 158.5
1246 158.5
1247 159.5
1248 160.5
1249 160.5
1250 160.5
1251 161.5
1252 162.5
1253 162.5
1254 162.5
1255 161.5
1256 161.0
1257 160.5
1258 160.5
1259 159.5
1260 158.5
1261 158.5
1262 158.5
1263 157.5
1264 156.5
1265 156.5
1266 156.5
1267 155.0
1268 154.5
1269 154.5
1270 154.5
1271 153.0
1272 152.5
1273 152.5
1274 152.0
1275 151.0
1276 150.5
1277 150.5
1278 150.5
1279 150.5
1280 150.5
1281 150.5
1282 150.5
1283 150.5
1284 150.5
1285 150.5
1286 150.5
1287 150.5
1288 150.5
1289 150.5
1290 150.0
1291 149.0
1292 148.5
1293 148.5
1294 148.0
1295 147.0
1296 146.5
1297 146.5
1298 146.0
1299 145.0
1300 144.5
1301 144.5
1302 144.5
1303 144.5
1304 144.5
1305 144.5
1306 144.5
1307 144.5
1308 144.5
1309 144.5
1310 144.5
1311 144.5
1312 144.5
1313 144.5
1314 144.5
1315 144.5
1316 144.5
1317 144.5
1318 144.5
1319 144.5
1320 144.5
1321 144.5
1322 144.5
1323 144.5
1324 144.5
1325 144.5
1326 144.5
1327 144.5
1328 144.5
1329 144.5
1330 144.5
1331 144.5
1332 144.5
1333 144.5
1334 144.5
1335 144.5
1336 144.5
1337 144.5
1338 144.5
1339 144.5
1340 144.5
1341 144.5
1342 144.5
1343 144.5
1344 144.5
1345 144.5
1346 144.5
1347 144.5
1348 144.5
1349 144.5
1350 144.5
1351 144.5
1352 144.5
1353 145.5
1354 146.5
1355 146.5
1356 146.5
1357 147.5
1358 148.5
1359 148.5
1360 149.0
1361 149.5
1362 150.0
1363 149.5
1364 148.5
1365 148.5
1366 148.5
1367 147.5
1368 146.5
1369 146.5
1370 146.5
1371 145.0
1372 144.5
1373 144.5
1374 144.5
1375 144.5
1376 144.5
1377 144.5
1378 144.5
1379 144.5
1380 144.5
1381 144.5
1382 144.5
1383 144.5
1384 144.5
1385 144.5
1386 144.5
1387 144.5
1388 144.5
1389 145.5
1390 146.5
1391 146.5
1392 146.5
1393 147.5
1394 148.5
1395 148.5
1396 148.5
1397 149.5
1398 150.5
1399 150.5
1400 150.5
1401 150.5
1402 150.5
1403 150.5
1404 150.5
1405 150.5
1406 150.5
1407 150.5
1408 150.5
1409 150.5
1410 150.5
1411 150.5
1412 150.5
1413 151.5
1414 152.5
1415 152.5
1416 153.0
1417 154.0
1418 154.5
1419 154.5
1420 155.0
1421 155.5
1422 155.5
1423 155.5
1424 155.0
1425 153.0
1426 152.5
1427 151.0
1428 151.0
1429 149.5
1430 148.5
1431 147.0
1432 146.5
1433 145.0
1434 144.5
1435 143.0
1436 142.5
1437 141.0
1438 140.5
1439 139.0
1440 138.5
1441 137.0
1442 136.5
1443 135.0
1444 134.5
1445 133.0
1446 132.5
1447 131.5
1448 131.0
1449 130.5
1450 130.5
1451 130.5
1452 131.0
1453 131.0
1454 130.5
1455 130.5
1456 131.0
1457 131.0
1458 131.0
1459 132.5
1460 132.5
1461 132.5
1462 133.0
1463 134.5
1464 134.5
1465 134.5
1466 135.0
1467 136.5
1468 136.5
1469 136.5
1470 137.0
1471 138.0
1472 138.5
1473 138.5
1474 139.0
1475 140.5
1476 140.5
1477 140.5
1478 141.0
1479 142.5
1480 142.5
1481 142.5
1482 143.5
1483 145.5
1484 146.0
1485 149.5
1486 150.0
1487 153.5
1488 154.0
1489 157.5
1490 158.5
1491 161.5
1492 162.5
1493 165.5
1494 166.5
1495 168.5
1496 169.0
1497 170.5
1498 170.5
1499 170.5
1500 171.5
1501 172.5
1502 172.5
1503 172.5
1504 173.5
1505 174.5
1506 174.5
1507 174.5
1508 174.5
1509 174.5
1510 173.5
1511 172.5
1512 172.5
1513 172.5
1514 171.5
1515 170.5
1516 170.5
1517 170.0
1518 169.0
1519 168.5
1520 168.5
1521 168.5
1522 168.5
1523 168.5
1524 168.5
1525 168.5
1526 168.5
1527 168.5
1528 168.5
1529 168.5
1530 168.5
1531 168.5
1532 168.5
1533 168.5
1534 168.5
1535 168.5
1536 168.5
1537 168.5
1538 168.5
1539 168.5
1540 168.5
1541 168.5
1542 168.5
1543 168.5
1544 168.5
1545 168.5
1546 168.5
1547 168.5
1548 168.5
1549 168.5
1550 168.5
1551 168.5
1552 168.5
1553 168.0
1554 168.5
1555 168.5
1556 168.5
1557 168.5
1558 167.0
1559 166.5
1560 166.5
1561 166.5
1562 165.5
1563 164.5
1564 164.5
1565 164.5
1566 163.5
1567 162.5
1568 162.5
1569 162.0
1570 161.5
1571 160.5
1572 160.5
1573 160.0
1574 159.0
1575 158.5
1576 158.5
1577 158.0
1578 157.0
1579 156.5
1580 156.0
1581 153.5
1582 153.0
1583 151.0
1584 150.0
1585 147.5
1586 146.5
1587 144.5
1588 143.5
1589 141.5
1590 140.5
1591 139.0
1592 138.0
1593 136.5
1594 135.5
1595 134.5
1596 133.5
1597 132.5
1598 131.5
1599 130.5
1600 129.5
1601 128.0
1602 127.0
1603 126.0
1604 125.0
1605 124.5
1606 124.5
1607 123.5
1608 122.5
1609 122.5
1610 122.5
1611 121.5
1612 120.5
1613 120.5
1614 120.5
1615 119.5
1616 118.5
1617 118.5
1618 118.5
1619 118.5
1620 118.5
1621 118.5
1622 118.5
1623 118.5
1624 118.5
1625 118.5
1626 118.5
1627 118.5
1628 118.5
1629 118.5
1630 118.5
1631 118.5
1632 118.5
1633 118.5
1634 118.5
1635 118.5
1636 118.5
1637 118.5
1638 118.5
1639 118.5
1640 118.5
1641 118.5
1642 118.5
1643 118.5
1644 118.5
1645 118.5
1646 118.5
1647 118.5
1648 118.5
1649 118.5
1650 118.5
1651 118.5
1652 118.5
1653 118.5
1654 118.5
1655 118.5
1656 118.5
1657 118.5
1658 118.5
1659 118.5
1660 118.5
1661 118.5
1662 118.5
1663 118.5
1664 118.5
1665 118.5
1666 118.5
1667 117.5
1668 116.5
1669 116.5
1670 116.5
1671 115.5
1672 114.5
1673 114.5
1674 114.5
1675 113.5
1676 112.5
1677 112.5
1678 112.5
1679 112.5
1680 112.5
1681 112.5
1682 112.5
1683 112.5
1684 112.5
1685 112.5
1686 112.5
1687 112.5
1688 112.5
1689 113.0
1690 114.0
1691 114.5
1692 114.5
1693 115.5
1694 116.0
1695 116.5
1696 116.5
1697 117.5
1698 118.5
1699 118.5
1700 118.5
1701 118.5
1702 118.5
1703 117.5
1704 117.0
1705 116.5
1706 116.5
1707 115.5
1708 114.5
1709 114.5
1710 114.5
1711 113.5
1712 112.5
1713 112.5
1714 112.5
1715 112.5
1716 112.5
1717 112.5
1718 112.5
1719 112.5
1720 112.5
1721 112.5
1722 112.5
1723 112.5
1724 112.5
1725 112.5
1726 112.5
1727 112.5
1728 112.5
1729 112.5
1730 112.5
1731 112.5
1732 112.5
1733 112.5
1734 112.5
1735 112.5
1736 112.5
1737 112.5
1738 112.5
1739 112.5
1740 112.5
1741 112.5
1742 112.5
1743 112.5
1744 112.5
1745 112.5
1746 112.5
1747 112.5
1748 112.5
1749 112.5
1750 113.5
1751 114.5
1752 114.5
1753 114.5
1754 115.5
1755 116.5
1756 116.5
1757 116.5
1758 117.5
1759 118.5
1760 118.5
1761 118.5
1762 118.5
1763 118.5
1764 118.5
1765 118.5
1766 118.5
1767 118.5
1768 118.5
1769 118.5
1770 118.5
1771 118.5
1772 118.5
1773 118.5
1774 118.5
1775 118.5
1776 118.5
1777 118.5
1778 118.5
1779 118.5
1780 118.5
1781 118.5
1782 118.5
1783 118.5
1784 118.5
1785 118.5
1786 118.5
1787 118.5
1788 118.5
1789 118.5
1790 118.5
1791 118.5
1792 118.5
1793 118.5
1794 118.5
1795 118.5
1796 118.5
1797 118.5
1798 118.5
1799 117.0
1800 116.5
1801 115.0
1802 114.5
1803 113.0
1804 112.5
1805 110.5
1806 110.0
1807 108.5
1808 108.0
1809 107.0
1810 106.5
1811 106.5
1812 106.5
1813 106.5
1814 106.5
1815 106.5
1816 106.5
1817 106.5
1818 106.5
1819 106.5
1820 106.5
1821 106.5
1822 106.5
1823 106.5
1824 106.5
1825 106.5
1826 106.5
1827 106.5
1828 106.5
1829 106.5
1830 106.5
1831 106.5
1832 106.5
1833 106.5
1834 106.0
1835 105.0
1836 104.0
1837 103.0
1838 102.0
1839 100.5
1840 100.0
1841 99.0
1842 98.0
1843 96.5
1844 96.0
1845 94.5
1846 94.5
1847 93.0
1848 92.5
1849 92.5
1850 92.5
1851 91.0
1852 90.5
1853 90.5
1854 90.0
1855 89.0
1856 88.5
1857 88.5
1858 88.5
1859 88.5
1860 88.5
1861 88.5
1862 88.5
1863 88.5
1864 88.5
1865 88.5
1866 88.5
1867 88.5
1868 88.5
1869 88.5
1870 88.5
1871 88.5
1872 88.5
1873 88.5
1874 88.5
1875 88.5
1876 88.5
1877 88.5
1878 88.5
1879 88.5
1880 88.5
1881 88.5
1882 88.5
1883 88.5
1884 88.5
1885 88.5
1886 88.5
1887 88.5
1888 88.5
1889 88.5
1890 88.5
1891 88.5
1892 88.5
1893 88.5
1894 88.5
1895 88.5
1896 88.5
1897 88.5
1898 88.5
1899 88.5
1900 88.5
1901 88.5
1902 88.5
1903 88.5
1904 88.5
1905 88.5
1906 88.5
1907 89.5
1908 90.5
1909 91.5
1910 92.0
1911 93.5
1912 94.5
1913 95.5
1914 96.0
1915 98.0
1916 98.5
1917 100.0
1918 100.5
1919 102.0
1920 102.5
1921 104.0
1922 104.5
1923 106.0
1924 106.5
1925 108.0
1926 108.5
1927 110.0
1928 110.5
1929 112.0
1930 112.5
1931 113.0
1932 114.0
1933 114.5
1934 114.5
1935 115.0
1936 116.0
1937 116.5
1938 116.5
1939 117.5
1940 118.5
1941 118.5
1942 119.0
1943 120.5
1944 121.0
1945 122.5
1946 123.0
1947 124.5
1948 125.0
1949 126.5
1950 127.0
1951 128.5
1952 129.0
1953 130.5
1954 131.0
1955 132.5
1956 132.5
1957 132.5
1958 133.5
1959 134.5
1960 134.5
1961 134.5
1962 135.5
1963 136.5
1964 136.5
1965 136.5
1966 137.0
1967 137.5
1968 137.5
1969 138.0
1970 138.0
1971 138.0
1972 138.0
1973 138.0
1974 138.0
1975 138.0
1976 138.0
1977 138.0
1978 138.0
1979 138.0
1980 138.0
1981 138.0
1982 138.0
1983 138.0
1984 138.0
1985 138.0
1986 138.0
1987 138.0
1988 138.0
1989 138.0
1990 138.0
1991 138.0
1992 138.0
1993 138.0
1994 138.0
1995 138.0
1996 138.0
1997 138.0
1998 138.0
1999 138.0
2000 138.0
2001 138.0
2002 138.0
2003 138.0
2004 138.0
2005 138.0
2006 138.0
2007 138.0
2008 138.0
2009 138.0
2010 138.0
2011 138.0
2012 138.0
2013 138.0
2014 138.0
2015 138.0
2016 138.0
2017 138.0
2018 138.0
2019 138.0
2020 138.0
2021 138.0
2022 138.0
2023 138.0
2024 138.0
2025 138.0
2026 138.0
2027 138.0
2028 138.0
2029 138.0
2030 138.0
2031 138.0
2032 138.0
2033 138.0
2034 138.0
2035 138.0
2036 138.0
2037 138.0
2038 138.0
2039 138.0
2040 138.0
2041 138.0
2042 138.0
2043 138.0
2044 138.0
2045 138.0
2046 138.0
2047 138.0
2048 138.0
2049 138.0
2050 138.0
2051 138.0
2052 138.0
2053 138.0
2054 138.0
2055 138.0
2056 138.0
2057 138.0
2058 138.0
2059 138.0
2060 138.0
2061 138.0
2062 137.5
2063 137.5
2064 136.5
2065 136.5
2066 136.5
2067 135.5
2068 135.0
2069 134.5
2070 134.5
2071 133.5
2072 132.5
2073 132.5
2074 132.5
2075 132.5
2076 132.5
2077 132.5
2078 132.5
2079 133.5
2080 134.5
2081 134.5
2082 134.5
2083 135.5
2084 136.5
2085 136.5
2086 136.5
2087 137.0
2088 137.0
2089 136.5
2090 136.5
2091 136.0
2092 135.0
2093 134.5
2094 134.5
2095 134.0
2096 133.5
2097 132.5
2098 132.5
2099 132.5
2100 131.5
2101 131.0
2102 130.5
2103 130.5
2104 131.0
2105 131.0
2106 130.5
2107 130.5
2108 131.0
2109 131.0
2110 131.0
2111 131.5
2112 132.5
2113 132.5
2114 132.5
2115 133.5
2116 134.5
2117 134.5
2118 134.5
2119 135.5
2120 136.5
2121 136.5
2122 136.5
2123 137.0
2124 137.5
2125 137.5
2126 138.0
2127 138.0
2128 138.0
2129 138.0
2130 138.0
2131 138.0
2132 138.0
2133 138.0
2134 138.0
2135 138.0
2136 138.5
2137 138.5
2138 138.5
2139 139.5
2140 140.5
2141 140.5
2142 140.5
2143 141.5
2144 142.5
2145 142.5
2146 142.5
2147 143.0
2148 143.0
2149 142.5
2150 142.0
2151 140.5
2152 140.0
2153 138.5
2154 138.0
2155 136.5
2156 136.0
2157 134.5
2158 133.5
2159 132.5
2160 132.0
2161 131.0
2162 131.0
2163 130.5
2164 131.0
2165 131.0
2166 130.5
2167 130.5
2168 130.5
2169 130.5
2170 130.5
2171 131.0
2172 131.5
2173 132.5
2174 132.5
2175 132.5
2176 133.5
2177 134.5
2178 134.5
2179 135.0
2180 135.5
2181 136.5
2182 136.5
2183 136.5
2184 137.5
2185 137.5
2186 138.0
2187 138.0
2188 138.0
2189 138.0
2190 138.0
2191 138.0
2192 138.0
2193 138.0
